id, film_id, person_id, role
1,1,1630,"director"
2,1,4843,"actor"
3,1,5050,"actor"
4,1,8175,"actor"
5,2,3000,"director"
6,2,4019,"actor"
7,2,5274,"actor"
8,2,7449,"actor"
9,3,1459,"actor"
10,3,3929,"actor"
11,3,4581,"director"
12,3,6580,"actor"
13,4,1008,"actor"
14,4,2649,"director"
15,4,2941,"actor"
16,4,6950,"actor"
17,5,2580,"actor"
18,5,2648,"actor"
19,5,2747,"director"
20,5,4958,"actor"
21,6,462,"actor"
22,6,753,"actor"
23,6,1234,"actor"
24,6,2996,"director"
25,7,3094,"director"
26,7,3344,"actor"
27,7,3519,"actor"
28,7,5146,"actor"
29,8,61,"actor"
30,8,2593,"director"
31,8,2693,"actor"
32,8,3038,"actor"
33,9,2070,"actor"
34,9,2751,"actor"
35,9,2838,"actor"
36,9,4906,"director"
37,10,2824,"actor"
38,10,4955,"actor"
39,10,4962,"director"
40,10,5051,"actor"
41,11,140,"actor"
42,11,1477,"actor"
43,11,2594,"director"
44,11,8170,"actor"
45,12,2262,"actor"
46,12,2385,"actor"
47,12,2838,"actor"
48,12,5215,"director"
49,13,1228,"director"
50,13,2626,"actor"
51,13,6244,"actor"
52,13,7415,"actor"
53,14,1901,"actor"
54,14,2451,"actor"
55,14,5512,"director"
56,14,7406,"actor"
57,15,71,"actor"
58,15,817,"actor"
59,15,4971,"actor"
60,15,8245,"director"
61,16,1901,"actor"
62,16,3902,"director"
63,16,5273,"actor"
64,16,6900,"actor"
65,17,2107,"actor"
66,17,3053,"director"
67,17,3895,"actor"
68,17,8028,"actor"
69,18,466,"actor"
70,18,2594,"director"
71,18,3517,"actor"
72,18,4874,"actor"
73,19,2779,"actor"
74,19,3012,"actor"
75,19,7762,"actor"
76,19,8101,"director"
77,20,1475,"actor"
78,20,2594,"director"
79,20,3517,"actor"
80,20,7762,"actor"
81,21,804,"actor"
82,21,5126,"actor"
83,21,7714,"actor"
84,21,8101,"director"
85,22,1477,"actor"
86,22,3035,"actor"
87,22,3226,"director"
88,22,7400,"actor"
89,23,1989,"actor"
90,23,3304,"director"
91,23,4797,"actor"
92,24,1495,"actor"
93,24,2073,"actor"
94,24,5429,"actor"
95,24,6004,"director"
96,25,246,"director"
97,25,2781,"actor"
98,25,3783,"actor"
99,25,4726,"actor"
100,26,2674,"actor"
101,26,5957,"actor"
102,26,7406,"actor"
103,26,8174,"director"
104,27,666,"actor"
105,27,3918,"director"
106,27,6842,"actor"
107,27,8178,"actor"
108,28,465,"actor"
109,28,2143,"actor"
110,28,3304,"director"
111,28,7038,"actor"
112,29,1475,"actor"
113,29,1554,"actor"
114,29,3122,"actor"
115,29,5512,"director"
116,30,2458,"actor"
117,30,3171,"actor"
118,30,7400,"actor"
119,30,8101,"director"
120,31,679,"actor"
121,31,2458,"actor"
122,31,2782,"director"
123,31,6551,"actor"
124,32,246,"director"
125,32,4779,"actor"
126,32,6006,"actor"
127,32,6592,"actor"
128,33,1683,"actor"
129,33,2607,"actor"
130,33,3546,"actor"
131,33,8174,"director"
132,34,821,"director"
133,34,2598,"actor"
134,34,3424,"actor"
135,34,6532,"actor"
136,35,2889,"actor"
137,35,3708,"actor"
138,35,4874,"actor"
139,35,7670,"director"
140,36,3619,"actor"
141,36,4131,"actor"
142,36,4581,"director"
143,36,4843,"actor"
144,37,2141,"actor"
145,37,2594,"director"
146,37,4874,"actor"
147,37,7762,"actor"
148,38,1683,"actor"
149,38,5797,"actor"
150,38,7708,"actor"
151,38,8279,"director"
152,39,1202,"actor"
153,39,1964,"actor"
154,39,2290,"director"
155,39,3925,"actor"
156,40,2491,"actor"
157,40,6074,"director"
158,40,6710,"actor"
159,40,7684,"actor"
160,41,4201,"actor"
161,41,4679,"actor"
162,41,6197,"actor"
163,41,6673,"director"
164,42,581,"actor"
165,42,3947,"actor"
166,42,3992,"director"
167,42,7297,"actor"
168,43,2997,"actor"
169,43,3092,"director"
170,43,5773,"actor"
171,43,8169,"actor"
172,44,2321,"actor"
173,44,2846,"actor"
174,44,6568,"actor"
175,44,8141,"director"
176,45,277,"director"
177,45,2563,"actor"
178,45,3313,"actor"
179,45,6643,"actor"
180,46,707,"actor"
181,46,2997,"actor"
182,46,3918,"director"
183,46,8103,"actor"
184,47,763,"actor"
185,47,2782,"director"
186,47,3095,"actor"
187,47,4410,"actor"
188,48,2290,"director"
189,48,4326,"actor"
190,48,4568,"actor"
191,48,5235,"actor"
192,49,1974,"actor"
193,49,5469,"director"
194,49,6350,"actor"
195,49,6813,"actor"
196,50,84,"actor"
197,50,624,"actor"
198,50,2782,"director"
199,50,3095,"actor"
200,51,3122,"actor"
201,51,3734,"actor"
202,51,4568,"actor"
203,51,6618,"director"
204,52,2637,"director"
205,52,2693,"actor"
206,52,4907,"actor"
207,52,4921,"actor"
208,53,1614,"actor"
209,53,1968,"actor"
210,53,6713,"actor"
211,53,7416,"director"
212,54,1195,"director"
213,54,1569,"actor"
214,54,2150,"actor"
215,54,2862,"actor"
216,55,1974,"actor"
217,55,2141,"actor"
218,55,2637,"director"
219,55,5773,"actor"
220,56,3048,"director"
221,56,3522,"actor"
222,56,4131,"actor"
223,56,8231,"actor"
224,57,1196,"actor"
225,57,2467,"director"
226,57,4477,"actor"
227,57,6932,"actor"
228,58,3054,"director"
229,58,3524,"actor"
230,58,6621,"actor"
231,58,8102,"actor"
232,59,3363,"actor"
233,59,6211,"actor"
234,59,6636,"director"
235,59,6777,"actor"
236,60,3363,"actor"
237,60,6211,"actor"
238,60,6636,"director"
239,60,6777,"actor"
240,61,2290,"director"
241,61,4326,"actor"
242,61,5235,"actor"
243,61,6841,"actor"
244,62,113,"director"
245,62,4298,"actor"
246,62,5725,"actor"
247,62,7625,"actor"
248,63,2735,"actor"
249,63,3524,"actor"
250,63,5512,"director"
251,63,6350,"actor"
252,64,1114,"director"
253,64,2272,"actor"
254,64,2968,"actor"
255,64,7606,"actor"
256,65,246,"director"
257,65,3667,"actor"
258,65,3919,"actor"
259,65,6941,"actor"
260,66,1983,"actor"
261,66,3330,"actor"
262,66,5883,"actor"
263,66,6762,"director"
264,67,3379,"actor"
265,67,3946,"director"
266,67,6610,"actor"
267,67,6941,"actor"
268,68,1139,"director"
269,68,2833,"actor"
270,68,4394,"actor"
271,68,7341,"actor"
272,69,3250,"actor"
273,69,3917,"actor"
274,69,4749,"actor"
275,69,7342,"director"
276,70,1883,"director"
277,70,3231,"actor"
278,70,7229,"actor"
279,70,8254,"actor"
280,71,1069,"actor"
281,71,3225,"actor"
282,71,4201,"actor"
283,71,6618,"director"
284,72,2540,"actor"
285,72,2781,"actor"
286,72,2833,"actor"
287,72,4581,"director"
288,73,821,"director"
289,73,2777,"actor"
290,73,3818,"actor"
291,73,5864,"actor"
292,74,684,"actor"
293,74,1530,"actor"
294,74,2637,"director"
295,74,6300,"actor"
296,75,2258,"actor"
297,75,3524,"actor"
298,75,6618,"director"
299,75,7325,"actor"
300,76,246,"director"
301,76,3430,"actor"
302,76,3927,"actor"
303,76,8078,"actor"
304,77,821,"director"
305,77,1946,"actor"
306,77,2625,"actor"
307,77,6535,"actor"
308,78,5404,"actor"
309,78,5773,"actor"
310,78,7400,"actor"
311,78,7417,"director"
312,79,469,"actor"
313,79,2594,"director"
314,79,2855,"actor"
315,79,7762,"actor"
316,80,2752,"actor"
317,80,3256,"actor"
318,80,5790,"actor"
319,80,6805,"director"
320,81,3946,"director"
321,81,4521,"actor"
322,81,5773,"actor"
323,81,7737,"actor"
324,82,2754,"actor"
325,82,3660,"director"
326,82,6612,"actor"
327,82,6713,"actor"
328,83,3234,"actor"
329,83,4916,"actor"
330,83,7707,"director"
331,83,8040,"actor"
332,84,1475,"actor"
333,84,1883,"director"
334,84,3231,"actor"
335,84,4122,"actor"
336,85,3363,"actor"
337,85,4916,"actor"
338,85,7304,"actor"
339,85,7418,"director"
340,86,3363,"actor"
341,86,4916,"actor"
342,86,7304,"actor"
343,86,7418,"director"
344,87,1041,"actor"
345,87,3457,"actor"
346,87,4136,"director"
347,87,8147,"actor"
348,88,2227,"actor"
349,88,4447,"director"
350,88,6612,"actor"
351,88,6621,"actor"
352,89,3918,"director"
353,89,4751,"actor"
354,89,8078,"actor"
355,89,8298,"actor"
356,90,1019,"actor"
357,90,6766,"actor"
358,90,6793,"director"
359,90,8278,"actor"
360,91,624,"actor"
361,91,1901,"actor"
362,91,3947,"actor"
363,91,5909,"director"
364,92,4141,"director"
365,92,5258,"actor"
366,92,6621,"actor"
367,92,6842,"actor"
368,93,1208,"actor"
369,93,3250,"actor"
370,93,3918,"director"
371,93,4751,"actor"
372,94,1729,"actor"
373,94,4916,"actor"
374,94,6809,"actor"
375,94,7707,"director"
376,95,5262,"director"
377,95,5459,"actor"
378,95,6131,"actor"
379,95,8211,"actor"
380,96,4097,"actor"
381,96,7336,"actor"
382,96,7400,"actor"
383,96,7417,"director"
384,97,2133,"actor"
385,97,2874,"actor"
386,97,3319,"actor"
387,97,4007,"director"
388,98,165,"actor"
389,98,3110,"actor"
390,98,7586,"actor"
391,98,7959,"director"
392,99,171,"actor"
393,99,1500,"actor"
394,99,2813,"actor"
395,99,7228,"director"
396,100,2764,"actor"
397,100,6213,"actor"
398,100,6650,"director"
399,100,6706,"actor"
400,101,2752,"actor"
401,101,4410,"actor"
402,101,7377,"actor"
403,101,7418,"director"
404,102,2809,"actor"
405,102,2942,"director"
406,102,3086,"actor"
407,102,4916,"actor"
408,103,2225,"actor"
409,103,2331,"actor"
410,103,2867,"actor"
411,103,6811,"director"
412,104,2759,"director"
413,104,3639,"actor"
414,104,6588,"actor"
415,104,7739,"actor"
416,105,2861,"actor"
417,105,3195,"actor"
418,105,5603,"director"
419,105,8309,"actor"
420,106,518,"director"
421,106,3363,"actor"
422,106,5432,"actor"
423,106,7447,"actor"
424,107,3547,"actor"
425,107,3922,"director"
426,107,5638,"actor"
427,107,6225,"actor"
428,108,3536,"director"
429,108,5033,"actor"
430,108,6386,"actor"
431,108,6711,"actor"
432,109,1883,"director"
433,109,2796,"actor"
434,109,4238,"actor"
435,109,4604,"actor"
436,110,3319,"actor"
437,110,7051,"director"
438,110,7377,"actor"
439,110,8187,"actor"
440,111,474,"actor"
441,111,2888,"actor"
442,111,3536,"director"
443,111,3540,"actor"
444,112,1151,"actor"
445,112,2783,"director"
446,112,4122,"actor"
447,112,5258,"actor"
448,113,2227,"actor"
449,113,2942,"director"
450,113,4961,"actor"
451,113,6035,"actor"
452,114,434,"actor"
453,114,2283,"actor"
454,114,5904,"actor"
455,114,6821,"director"
456,115,2045,"actor"
457,115,2213,"actor"
458,115,4916,"actor"
459,115,7707,"director"
460,116,1074,"actor"
461,116,6373,"actor"
462,116,6650,"director"
463,116,8379,"actor"
464,117,2637,"director"
465,117,6225,"actor"
466,117,6809,"actor"
467,117,7586,"actor"
468,118,1067,"actor"
469,118,1072,"actor"
470,118,1208,"actor"
471,118,4807,"director"
472,119,3247,"director"
473,119,3430,"actor"
474,119,6819,"actor"
475,119,7304,"actor"
476,120,1500,"actor"
477,120,2381,"actor"
478,120,4983,"actor"
479,120,7228,"director"
480,121,246,"director"
481,121,1909,"actor"
482,121,4837,"actor"
483,121,7642,"actor"
484,122,3919,"actor"
485,122,6618,"director"
486,122,6755,"actor"
487,122,8225,"actor"
488,123,451,"actor"
489,123,1153,"actor"
490,123,3887,"director"
491,123,4751,"actor"
492,124,1422,"actor"
493,124,2977,"director"
494,124,4319,"actor"
495,124,4820,"actor"
496,125,1071,"actor"
497,125,2045,"actor"
498,125,2133,"actor"
499,125,4819,"director"
500,126,2702,"actor"
501,126,2851,"actor"
502,126,4412,"actor"
503,126,7418,"director"
504,127,1863,"actor"
505,127,3421,"actor"
506,127,5713,"actor"
507,127,6866,"director"
508,128,1460,"actor"
509,128,1496,"actor"
510,128,2072,"actor"
511,128,6488,"director"
512,129,141,"actor"
513,129,1034,"actor"
514,129,1500,"actor"
515,129,7688,"director"
516,130,2184,"actor"
517,130,2749,"director"
518,130,4206,"actor"
519,130,7005,"actor"
520,131,2184,"actor"
521,131,2749,"director"
522,131,4206,"actor"
523,131,7005,"actor"
524,132,1139,"director"
525,132,3251,"actor"
526,132,6035,"actor"
527,132,6893,"actor"
528,133,1479,"actor"
529,133,3229,"actor"
530,133,7228,"director"
531,133,8298,"actor"
532,134,1230,"actor"
533,134,3896,"actor"
534,134,5475,"actor"
535,134,6879,"director"
536,135,1007,"actor"
537,135,2261,"director"
538,135,3086,"actor"
539,135,8298,"actor"
540,136,4970,"actor"
541,136,5457,"director"
542,136,7798,"actor"
543,136,7863,"actor"
544,137,2780,"director"
545,137,4357,"actor"
546,137,4474,"actor"
547,137,7682,"actor"
548,138,1014,"actor"
549,138,2731,"actor"
550,138,2844,"director"
551,138,3896,"actor"
552,139,657,"actor"
553,139,943,"actor"
554,139,3968,"actor"
555,139,3997,"director"
556,140,1174,"actor"
557,140,2591,"director"
558,140,3540,"actor"
559,140,5628,"actor"
560,141,2045,"actor"
561,141,2768,"actor"
562,141,6338,"director"
563,141,7694,"actor"
564,142,1500,"actor"
565,142,4169,"director"
566,142,4751,"actor"
567,142,6535,"actor"
568,143,717,"actor"
569,143,856,"director"
570,143,6600,"actor"
571,143,7075,"actor"
572,144,128,"director"
573,144,1391,"actor"
574,144,5809,"actor"
575,144,8244,"actor"
576,145,4657,"actor"
577,145,7051,"director"
578,145,8187,"actor"
579,145,8254,"actor"
580,146,246,"director"
581,146,4010,"actor"
582,146,6388,"actor"
583,146,6924,"actor"
584,147,2916,"actor"
585,147,4856,"actor"
586,147,7688,"director"
587,147,8100,"actor"
588,148,1240,"actor"
589,148,1618,"actor"
590,148,2995,"actor"
591,148,6966,"director"
592,149,848,"actor"
593,149,863,"actor"
594,149,5247,"actor"
595,149,5699,"director"
596,150,1092,"actor"
597,150,1493,"actor"
598,150,6080,"director"
599,150,6553,"actor"
600,151,837,"director"
601,151,3647,"actor"
602,151,6839,"actor"
603,151,8083,"actor"
604,152,788,"actor"
605,152,2619,"director"
606,152,2752,"actor"
607,152,4326,"actor"
608,153,3479,"actor"
609,153,4657,"actor"
610,153,7051,"director"
611,153,7377,"actor"
612,154,746,"director"
613,154,2106,"actor"
614,154,3535,"actor"
615,154,7426,"actor"
616,155,527,"actor"
617,155,2599,"actor"
618,155,5262,"director"
619,155,7063,"actor"
620,156,3390,"actor"
621,156,4131,"actor"
622,156,6607,"actor"
623,156,6636,"director"
624,157,1676,"actor"
625,157,3231,"actor"
626,157,6841,"actor"
627,157,7224,"director"
628,158,3762,"actor"
629,158,3781,"actor"
630,158,3810,"actor"
631,158,5615,"director"
632,159,1262,"actor"
633,159,4960,"actor"
634,159,8297,"actor"
635,159,8297,"director"
636,160,2045,"actor"
637,160,2942,"director"
638,160,3728,"actor"
639,160,4916,"actor"
640,161,2126,"director"
641,161,5026,"actor"
642,161,6842,"actor"
643,161,7025,"actor"
644,162,6005,"director"
645,162,6218,"actor"
646,162,6919,"actor"
647,162,7964,"actor"
648,163,879,"actor"
649,163,2109,"actor"
650,163,3308,"director"
651,164,3871,"actor"
652,164,5174,"actor"
653,164,5458,"actor"
654,164,5458,"director"
655,165,1944,"actor"
656,165,2391,"actor"
657,165,6242,"actor"
658,165,6821,"director"
659,166,2535,"actor"
660,166,6940,"actor"
661,166,7954,"actor"
662,166,8249,"director"
663,167,2535,"actor"
664,167,6940,"actor"
665,167,7954,"actor"
666,167,8249,"director"
667,168,402,"actor"
668,168,4699,"director"
669,168,4894,"actor"
670,168,7991,"actor"
671,169,3223,"actor"
672,169,4240,"actor"
673,169,5436,"director"
674,169,6336,"actor"
675,170,843,"actor"
676,170,3090,"actor"
677,170,4455,"actor"
678,170,6308,"director"
679,171,2875,"actor"
680,171,3208,"director"
681,171,3988,"actor"
682,171,6842,"actor"
683,172,2446,"actor"
684,172,3161,"director"
685,172,3163,"actor"
686,172,4894,"actor"
687,173,3895,"actor"
688,173,5019,"actor"
689,173,8297,"actor"
690,173,8297,"director"
691,174,246,"director"
692,174,743,"actor"
693,174,1509,"actor"
694,174,3521,"actor"
695,175,2088,"actor"
696,175,2252,"actor"
697,175,4011,"director"
698,175,5723,"actor"
699,176,1034,"actor"
700,176,2165,"director"
701,176,3689,"actor"
702,176,6895,"actor"
703,177,360,"actor"
704,177,377,"director"
705,177,2138,"actor"
706,177,5835,"actor"
707,178,125,"actor"
708,178,2578,"director"
709,178,5235,"actor"
710,178,6766,"actor"
711,179,2770,"director"
712,179,2993,"actor"
713,179,5039,"actor"
714,179,6890,"actor"
715,180,1472,"actor"
716,180,3208,"director"
717,180,6237,"actor"
718,180,6842,"actor"
719,181,1500,"actor"
720,181,1500,"director"
721,181,3942,"actor"
722,181,6619,"actor"
723,182,1498,"actor"
724,182,2744,"actor"
725,182,2942,"director"
726,182,8309,"actor"
727,183,1830,"actor"
728,183,1915,"actor"
729,183,5263,"director"
730,183,6764,"actor"
731,184,854,"actor"
732,184,3319,"actor"
733,184,3479,"actor"
734,184,7051,"director"
735,185,3881,"actor"
736,185,5472,"actor"
737,185,8297,"actor"
738,185,8297,"director"
739,186,2320,"actor"
740,186,4749,"actor"
741,186,4853,"actor"
742,186,8249,"director"
743,187,2270,"actor"
744,187,2780,"director"
745,187,6535,"actor"
746,187,6809,"actor"
747,188,2246,"actor"
748,188,2566,"actor"
749,188,3805,"director"
750,188,6283,"actor"
751,189,1868,"actor"
752,189,3009,"actor"
753,189,5042,"actor"
754,189,5430,"director"
755,190,1454,"actor"
756,190,2578,"director"
757,190,2993,"actor"
758,190,7709,"actor"
759,191,621,"actor"
760,191,821,"director"
761,191,1944,"actor"
762,191,2988,"actor"
763,192,125,"actor"
764,192,2578,"director"
765,192,6764,"actor"
766,192,6766,"actor"
767,193,1422,"actor"
768,193,2045,"actor"
769,193,2942,"director"
770,193,3066,"actor"
771,194,2268,"actor"
772,194,2936,"actor"
773,194,5162,"actor"
774,194,7833,"director"
775,195,2268,"actor"
776,195,2936,"actor"
777,195,5162,"actor"
778,195,7833,"director"
779,196,5042,"actor"
780,196,5430,"director"
781,196,6282,"actor"
782,196,7709,"actor"
783,197,2979,"actor"
784,197,6995,"actor"
785,197,7418,"director"
786,197,7527,"actor"
787,198,1830,"actor"
788,198,5257,"actor"
789,198,6179,"director"
790,198,7605,"actor"
791,199,5790,"actor"
792,199,6809,"actor"
793,199,6940,"actor"
794,199,7540,"director"
795,200,2398,"actor"
796,200,5584,"actor"
797,200,7717,"director"
798,200,7718,"actor"
799,201,4959,"actor"
800,201,5490,"actor"
801,201,5714,"director"
802,201,7143,"actor"
803,202,837,"director"
804,202,1071,"actor"
805,202,1187,"actor"
806,202,3062,"actor"
807,203,246,"director"
808,203,1034,"actor"
809,203,2220,"actor"
810,203,8247,"actor"
811,204,2511,"actor"
812,204,3633,"actor"
813,204,5484,"director"
814,204,6350,"actor"
815,205,2514,"actor"
816,205,6766,"actor"
817,205,7342,"director"
818,205,8254,"actor"
819,206,2007,"actor"
820,206,5938,"actor"
821,206,6650,"director"
822,206,6809,"actor"
823,207,1067,"actor"
824,207,1115,"actor"
825,207,3923,"director"
826,207,7605,"actor"
827,208,742,"actor"
828,208,2093,"actor"
829,208,5430,"director"
830,208,7336,"actor"
831,209,162,"actor"
832,209,5263,"director"
833,209,6282,"actor"
834,209,6764,"actor"
835,210,4185,"actor"
836,210,5601,"director"
837,210,7667,"actor"
838,210,8093,"actor"
839,211,805,"actor"
840,211,4753,"actor"
841,211,6166,"actor"
842,211,6629,"director"
843,212,805,"actor"
844,212,4753,"actor"
845,212,6166,"actor"
846,212,6629,"director"
847,213,2086,"actor"
848,213,6608,"director"
849,213,6995,"actor"
850,213,8292,"actor"
851,214,1138,"actor"
852,214,7300,"actor"
853,214,8297,"actor"
854,214,8297,"director"
855,215,1868,"actor"
856,215,2951,"actor"
857,215,6315,"director"
858,215,7058,"actor"
859,216,848,"actor"
860,216,5443,"actor"
861,216,7540,"director"
862,216,7709,"actor"
863,217,2776,"actor"
864,217,3247,"director"
865,217,3415,"actor"
866,217,6238,"actor"
867,218,1264,"actor"
868,218,1888,"director"
869,218,2952,"actor"
870,218,3239,"actor"
871,219,3887,"director"
872,219,4853,"actor"
873,219,5860,"actor"
874,219,6621,"actor"
875,220,2072,"actor"
876,220,3009,"actor"
877,220,5042,"actor"
878,220,5430,"director"
879,221,2637,"director"
880,221,3421,"actor"
881,221,5470,"actor"
882,221,8066,"actor"
883,222,3077,"actor"
884,222,3868,"director"
885,222,7773,"actor"
886,222,8298,"actor"
887,223,1174,"actor"
888,223,2071,"director"
889,223,3241,"actor"
890,223,7704,"actor"
891,224,4901,"actor"
892,224,5263,"director"
893,224,5281,"actor"
894,224,6764,"actor"
895,225,324,"actor"
896,225,3838,"actor"
897,225,6940,"actor"
898,225,8249,"director"
899,226,2770,"director"
900,226,2993,"actor"
901,226,4479,"actor"
902,226,6292,"actor"
903,227,665,"actor"
904,227,1952,"actor"
905,227,3953,"director"
906,227,7657,"actor"
907,228,646,"actor"
908,228,1145,"actor"
909,228,2045,"actor"
910,228,4819,"director"
911,229,744,"actor"
912,229,1224,"actor"
913,229,2308,"actor"
914,229,7272,"director"
915,230,3883,"actor"
916,230,3953,"director"
917,230,4308,"actor"
918,230,7798,"actor"
919,231,692,"actor"
920,231,1422,"actor"
921,231,3333,"director"
922,231,4131,"actor"
923,232,6651,"actor"
924,232,7055,"actor"
925,232,7559,"actor"
926,232,7712,"director"
927,233,6005,"director"
928,233,6282,"actor"
929,233,6841,"actor"
930,233,7605,"actor"
931,234,1115,"actor"
932,234,2582,"actor"
933,234,2942,"director"
934,234,2993,"actor"
935,235,6045,"actor"
936,235,6496,"director"
937,235,7336,"actor"
938,235,7553,"actor"
939,236,2133,"actor"
940,236,3404,"actor"
941,236,3894,"director"
942,236,6088,"actor"
943,237,2133,"actor"
944,237,3404,"actor"
945,237,3894,"director"
946,237,6088,"actor"
947,238,2133,"actor"
948,238,3404,"actor"
949,238,3894,"director"
950,238,6088,"actor"
951,239,3551,"director"
952,239,4142,"actor"
953,239,5790,"actor"
954,239,6940,"actor"
955,240,5130,"actor"
956,240,5235,"actor"
957,240,5860,"actor"
958,240,6629,"director"
959,241,495,"actor"
960,241,2619,"director"
961,241,4726,"actor"
962,241,7503,"actor"
963,242,3994,"actor"
964,242,5470,"actor"
965,242,5503,"director"
966,242,6764,"actor"
967,243,854,"actor"
968,243,4817,"actor"
969,243,5263,"director"
970,243,6706,"actor"
971,244,2056,"actor"
972,244,4773,"actor"
973,244,7342,"director"
974,244,7742,"actor"
975,245,1422,"actor"
976,245,3883,"actor"
977,245,7540,"director"
978,245,7986,"actor"
979,246,886,"actor"
980,246,6697,"director"
981,246,7906,"actor"
982,246,8309,"actor"
983,247,717,"actor"
984,247,856,"director"
985,247,5402,"actor"
986,247,6940,"actor"
987,248,2578,"director"
988,248,2993,"actor"
989,248,5235,"actor"
990,248,6766,"actor"
991,249,1500,"actor"
992,249,2124,"director"
993,249,2633,"actor"
994,249,6156,"actor"
995,250,2771,"director"
996,250,3114,"actor"
997,250,3791,"actor"
998,250,7488,"actor"
999,251,985,"actor"
1000,251,4326,"actor"
1001,251,5258,"actor"
1002,251,6901,"director"
1003,252,2045,"actor"
1004,252,4819,"director"
1005,252,4915,"actor"
1006,252,4916,"actor"
1007,253,1445,"actor"
1008,253,3301,"director"
1009,253,4786,"actor"
1010,253,8216,"actor"
1011,254,3922,"director"
1012,254,6631,"actor"
1013,254,6770,"actor"
1014,254,7631,"actor"
1015,255,4790,"actor"
1016,255,5893,"actor"
1017,255,6821,"director"
1018,255,8173,"actor"
1019,256,2705,"director"
1020,256,5404,"actor"
1021,256,6769,"actor"
1022,256,8346,"actor"
1023,257,1152,"director"
1024,257,3098,"actor"
1025,257,4441,"actor"
1026,257,7709,"actor"
1027,258,4803,"actor"
1028,258,5508,"director"
1029,258,5526,"actor"
1030,258,6098,"actor"
1031,259,2093,"actor"
1032,259,3339,"director"
1033,259,3747,"actor"
1034,259,5042,"actor"
1035,260,133,"actor"
1036,260,1875,"actor"
1037,260,2642,"actor"
1038,260,5213,"director"
1039,261,647,"actor"
1040,261,3732,"director"
1041,261,4907,"actor"
1042,261,6306,"actor"
1043,262,797,"actor"
1044,262,975,"actor"
1045,262,2990,"director"
1046,262,6845,"actor"
1047,263,1084,"actor"
1048,263,5814,"director"
1049,263,6506,"actor"
1050,263,7503,"actor"
1051,264,765,"actor"
1052,264,4817,"actor"
1053,264,5486,"director"
1054,264,7371,"actor"
1055,265,451,"actor"
1056,265,971,"director"
1057,265,1893,"actor"
1058,265,5807,"actor"
1059,266,966,"actor"
1060,266,5686,"director"
1061,266,7041,"actor"
1062,266,8255,"actor"
1063,267,449,"actor"
1064,267,625,"actor"
1065,267,7467,"actor"
1066,267,8271,"director"
1067,268,3185,"actor"
1068,268,3558,"actor"
1069,268,5503,"director"
1070,268,7058,"actor"
1071,269,3928,"actor"
1072,269,5786,"director"
1073,269,6035,"actor"
1074,269,6841,"actor"
1075,270,31,"actor"
1076,270,2309,"actor"
1077,270,4197,"actor"
1078,270,6802,"director"
1079,271,2019,"director"
1080,271,2113,"actor"
1081,271,3737,"actor"
1082,271,6537,"actor"
1083,272,145,"actor"
1084,272,162,"actor"
1085,272,2270,"actor"
1086,272,3097,"director"
1087,273,1191,"actor"
1088,273,2614,"actor"
1089,273,5263,"director"
1090,273,6764,"actor"
1091,274,489,"actor"
1092,274,3479,"actor"
1093,274,3666,"director"
1094,274,5026,"actor"
1095,275,785,"actor"
1096,275,2786,"actor"
1097,275,3551,"director"
1098,275,7708,"actor"
1099,276,509,"actor"
1100,276,2993,"actor"
1101,276,3174,"director"
1102,276,4479,"actor"
1103,277,3254,"actor"
1104,277,5130,"actor"
1105,277,5860,"actor"
1106,277,6650,"director"
1107,278,1024,"actor"
1108,278,1406,"actor"
1109,278,4781,"actor"
1110,278,6496,"director"
1111,279,551,"actor"
1112,279,3883,"actor"
1113,279,3953,"director"
1114,279,6528,"actor"
1115,280,490,"actor"
1116,280,514,"actor"
1117,280,1888,"director"
1118,280,2052,"actor"
1119,281,2951,"actor"
1120,281,3404,"actor"
1121,281,3430,"actor"
1122,281,3894,"director"
1123,282,2951,"actor"
1124,282,3404,"actor"
1125,282,3430,"actor"
1126,282,3894,"director"
1127,283,1830,"actor"
1128,283,2022,"actor"
1129,283,6508,"actor"
1130,283,8172,"director"
1131,284,3840,"actor"
1132,284,7143,"actor"
1133,284,7300,"actor"
1134,284,7418,"director"
1135,285,971,"director"
1136,285,2017,"actor"
1137,285,3970,"actor"
1138,285,5807,"actor"
1139,286,255,"actor"
1140,286,700,"actor"
1141,286,3111,"director"
1142,286,3928,"actor"
1143,287,3061,"actor"
1144,287,4263,"actor"
1145,287,5264,"actor"
1146,287,8291,"director"
1147,288,168,"actor"
1148,288,3136,"actor"
1149,288,5371,"director"
1150,288,6489,"actor"
1151,289,75,"actor"
1152,289,2133,"actor"
1153,289,3894,"director"
1154,289,7861,"actor"
1155,290,2045,"actor"
1156,290,3930,"director"
1157,290,4224,"actor"
1158,290,7964,"actor"
1159,291,77,"actor"
1160,291,347,"actor"
1161,291,761,"actor"
1162,291,7513,"director"
1163,292,1128,"actor"
1164,292,3060,"director"
1165,292,4870,"actor"
1166,292,8072,"actor"
1167,293,276,"director"
1168,293,742,"actor"
1169,293,1415,"actor"
1170,293,6508,"actor"
1171,294,2112,"actor"
1172,294,2795,"director"
1173,294,3821,"actor"
1174,294,4010,"actor"
1175,295,2093,"actor"
1176,295,5042,"actor"
1177,295,5430,"director"
1178,295,7336,"actor"
1179,296,2093,"actor"
1180,296,5042,"actor"
1181,296,5430,"director"
1182,296,7336,"actor"
1183,297,706,"actor"
1184,297,3269,"actor"
1185,297,4726,"actor"
1186,297,7707,"director"
1187,298,1050,"actor"
1188,298,2771,"director"
1189,298,4603,"actor"
1190,298,8084,"actor"
1191,299,975,"actor"
1192,299,1631,"actor"
1193,299,4463,"director"
1194,299,5281,"actor"
1195,300,2057,"actor"
1196,300,2514,"actor"
1197,300,2611,"director"
1198,300,8301,"actor"
1199,301,1043,"director"
1200,301,4867,"actor"
1201,301,6272,"actor"
1202,301,7605,"actor"
1203,302,577,"actor"
1204,302,849,"director"
1205,302,7575,"actor"
1206,302,7945,"actor"
1207,303,2490,"actor"
1208,303,2709,"actor"
1209,303,3532,"director"
1210,303,6470,"actor"
1211,304,2993,"actor"
1212,304,4308,"actor"
1213,304,7540,"director"
1214,304,8255,"actor"
1215,305,5026,"actor"
1216,305,6227,"actor"
1217,305,8184,"actor"
1218,305,8184,"director"
1219,306,5438,"actor"
1220,306,5991,"director"
1221,306,7829,"actor"
1222,306,8371,"actor"
1223,307,2604,"actor"
1224,307,2619,"director"
1225,307,3928,"actor"
1226,307,8255,"actor"
1227,308,797,"actor"
1228,308,2990,"actor"
1229,308,3200,"director"
1230,308,4199,"actor"
1231,309,120,"actor"
1232,309,1192,"actor"
1233,309,1943,"actor"
1234,309,4972,"director"
1235,310,760,"actor"
1236,310,2322,"actor"
1237,310,7052,"director"
1238,310,7689,"actor"
1239,311,131,"director"
1240,311,4769,"actor"
1241,311,6713,"actor"
1242,311,7091,"actor"
1243,312,1988,"actor"
1244,312,3815,"director"
1245,312,6155,"actor"
1246,312,6798,"actor"
1247,313,3479,"actor"
1248,313,5541,"actor"
1249,313,6635,"actor"
1250,313,8234,"director"
1251,314,463,"actor"
1252,314,867,"director"
1253,314,3898,"actor"
1254,314,5560,"actor"
1255,315,6200,"actor"
1256,315,6766,"actor"
1257,315,6865,"director"
1258,315,7986,"actor"
1259,316,4479,"actor"
1260,316,5584,"actor"
1261,316,7300,"actor"
1262,316,7717,"director"
1263,317,30,"actor"
1264,317,807,"actor"
1265,317,5068,"actor"
1266,317,7518,"director"
1267,318,2993,"actor"
1268,318,5026,"actor"
1269,318,6697,"director"
1270,318,7205,"actor"
1271,319,4257,"actor"
1272,319,5313,"director"
1273,319,7409,"actor"
1274,319,7560,"actor"
1275,320,2216,"actor"
1276,320,3937,"actor"
1277,320,6224,"director"
1278,320,6945,"actor"
1279,321,2216,"actor"
1280,321,3937,"actor"
1281,321,6224,"director"
1282,321,6945,"actor"
1283,322,5200,"director"
1284,322,6270,"actor"
1285,322,6842,"actor"
1286,322,7818,"actor"
1287,323,3976,"director"
1288,323,5068,"actor"
1289,323,7083,"actor"
1290,323,8277,"actor"
1291,324,3976,"director"
1292,324,5068,"actor"
1293,324,7083,"actor"
1294,324,8277,"actor"
1295,325,75,"actor"
1296,325,2749,"director"
1297,325,2951,"actor"
1298,325,7683,"actor"
1299,326,75,"actor"
1300,326,2749,"director"
1301,326,2951,"actor"
1302,326,7683,"actor"
1303,327,667,"director"
1304,327,1721,"actor"
1305,327,2318,"actor"
1306,327,7503,"actor"
1307,328,1988,"actor"
1308,328,3059,"actor"
1309,328,6291,"actor"
1310,328,7540,"director"
1311,329,336,"director"
1312,329,3618,"actor"
1313,329,4199,"actor"
1314,329,8138,"actor"
1315,330,1500,"actor"
1316,330,1500,"director"
1317,330,4470,"actor"
1318,330,8186,"actor"
1319,331,972,"actor"
1320,331,1344,"actor"
1321,331,7605,"actor"
1322,331,7686,"director"
1323,332,972,"actor"
1324,332,1344,"actor"
1325,332,7605,"actor"
1326,332,7686,"director"
1327,333,1186,"actor"
1328,333,1688,"actor"
1329,333,6617,"actor"
1330,333,7513,"director"
1331,334,330,"actor"
1332,334,1105,"actor"
1333,334,3928,"actor"
1334,334,6608,"director"
1335,335,1676,"actor"
1336,335,5810,"actor"
1337,335,7861,"actor"
1338,335,7922,"director"
1339,336,752,"actor"
1340,336,1168,"actor"
1341,336,3662,"director"
1342,336,7810,"actor"
1343,337,662,"actor"
1344,337,2954,"director"
1345,337,3057,"actor"
1346,337,5489,"actor"
1347,338,1599,"actor"
1348,338,3029,"actor"
1349,338,7833,"director"
1350,338,8376,"actor"
1351,339,1599,"actor"
1352,339,3029,"actor"
1353,339,7833,"director"
1354,339,8376,"actor"
1355,340,4601,"actor"
1356,340,4790,"actor"
1357,340,5893,"actor"
1358,340,5908,"director"
1359,341,664,"actor"
1360,341,1046,"actor"
1361,341,5860,"actor"
1362,341,6786,"director"
1363,342,2111,"director"
1364,342,3871,"actor"
1365,342,6707,"actor"
1366,342,8071,"actor"
1367,343,664,"actor"
1368,343,1523,"director"
1369,343,2092,"actor"
1370,343,2093,"actor"
1371,344,2771,"director"
1372,344,3249,"actor"
1373,344,7867,"actor"
1374,344,7937,"actor"
1375,345,1833,"actor"
1376,345,3894,"director"
1377,345,6656,"actor"
1378,345,8217,"actor"
1379,346,1263,"actor"
1380,346,3250,"actor"
1381,346,3363,"actor"
1382,346,7342,"director"
1383,347,797,"actor"
1384,347,7602,"actor"
1385,347,7602,"director"
1386,347,7709,"actor"
1387,348,849,"director"
1388,348,1781,"actor"
1389,348,7171,"actor"
1390,348,8363,"actor"
1391,349,66,"director"
1392,349,1620,"actor"
1393,349,4759,"actor"
1394,349,5579,"actor"
1395,350,1054,"director"
1396,350,3862,"actor"
1397,350,5108,"actor"
1398,350,7389,"actor"
1399,351,294,"actor"
1400,351,4832,"actor"
1401,351,5024,"actor"
1402,351,6355,"director"
1403,352,1830,"actor"
1404,352,6752,"actor"
1405,352,7496,"director"
1406,352,8272,"actor"
1407,353,1611,"director"
1408,353,6688,"actor"
1409,353,7302,"actor"
1410,353,7870,"actor"
1411,354,338,"director"
1412,354,342,"actor"
1413,354,3404,"actor"
1414,354,7029,"actor"
1415,355,765,"actor"
1416,355,2990,"director"
1417,355,3423,"actor"
1418,355,6508,"actor"
1419,356,648,"actor"
1420,356,748,"actor"
1421,356,3174,"director"
1422,356,4605,"actor"
1423,357,3930,"director"
1424,357,4287,"actor"
1425,357,4945,"actor"
1426,357,7527,"actor"
1427,358,125,"actor"
1428,358,971,"director"
1429,358,2499,"actor"
1430,358,5276,"actor"
1431,359,2993,"actor"
1432,359,3136,"actor"
1433,359,4479,"actor"
1434,359,6655,"director"
1435,360,3254,"actor"
1436,360,5130,"actor"
1437,360,6650,"director"
1438,360,6818,"actor"
1439,361,527,"actor"
1440,361,1836,"director"
1441,361,3062,"actor"
1442,361,7906,"actor"
1443,362,2578,"director"
1444,362,7870,"actor"
1445,362,7912,"actor"
1446,362,8277,"actor"
1447,363,2022,"actor"
1448,363,6380,"director"
1449,363,7055,"actor"
1450,363,7157,"actor"
1451,364,2514,"actor"
1452,364,3928,"actor"
1453,364,5169,"actor"
1454,364,5620,"director"
1455,365,2007,"actor"
1456,365,2107,"actor"
1457,365,3953,"director"
1458,365,6484,"actor"
1459,366,124,"actor"
1460,366,162,"actor"
1461,366,3815,"director"
1462,366,8093,"actor"
1463,367,1836,"director"
1464,367,1967,"actor"
1465,367,4805,"actor"
1466,367,6571,"actor"
1467,368,289,"actor"
1468,368,664,"actor"
1469,368,3878,"director"
1470,368,5352,"actor"
1471,369,339,"actor"
1472,369,655,"director"
1473,369,5735,"actor"
1474,369,7532,"actor"
1475,370,309,"actor"
1476,370,4022,"actor"
1477,370,4850,"actor"
1478,370,8208,"director"
1479,371,309,"actor"
1480,371,4022,"actor"
1481,371,4850,"actor"
1482,371,8208,"director"
1483,372,578,"actor"
1484,372,1883,"director"
1485,372,4207,"actor"
1486,372,6675,"actor"
1487,373,2499,"actor"
1488,373,3586,"actor"
1489,373,5714,"director"
1490,373,7891,"actor"
1491,374,3381,"actor"
1492,374,4199,"actor"
1493,374,5248,"director"
1494,374,6909,"actor"
1495,375,971,"director"
1496,375,2017,"actor"
1497,375,2906,"actor"
1498,375,5438,"actor"
1499,376,1721,"actor"
1500,376,2161,"director"
1501,376,3937,"actor"
1502,376,7047,"actor"
1503,377,2880,"actor"
1504,377,5068,"actor"
1505,377,6042,"actor"
1506,377,6636,"director"
1507,378,1888,"director"
1508,378,4122,"actor"
1509,378,4263,"actor"
1510,378,8148,"actor"
1511,379,1875,"actor"
1512,379,2752,"actor"
1513,379,3026,"actor"
1514,379,5200,"director"
1515,380,1352,"actor"
1516,380,2065,"actor"
1517,380,3063,"director"
1518,380,4929,"actor"
1519,381,1352,"actor"
1520,381,2065,"actor"
1521,381,3063,"director"
1522,381,4929,"actor"
1523,382,4149,"director"
1524,382,4200,"actor"
1525,382,4575,"actor"
1526,382,7877,"actor"
1527,383,2997,"actor"
1528,383,3815,"director"
1529,383,6392,"actor"
1530,383,8352,"actor"
1531,384,330,"actor"
1532,384,2993,"actor"
1533,384,4338,"actor"
1534,384,7540,"director"
1535,385,1073,"actor"
1536,385,6764,"actor"
1537,385,7228,"director"
1538,385,7986,"actor"
1539,386,1064,"actor"
1540,386,3119,"director"
1541,386,5622,"actor"
1542,386,7503,"actor"
1543,387,3614,"actor"
1544,387,3976,"director"
1545,387,4742,"actor"
1546,387,8277,"actor"
1547,388,190,"director"
1548,388,1993,"actor"
1549,388,5657,"actor"
1550,388,7968,"actor"
1551,389,2146,"actor"
1552,389,3933,"director"
1553,389,7652,"actor"
1554,389,7690,"actor"
1555,390,3096,"actor"
1556,390,6143,"actor"
1557,390,6890,"director"
1558,390,7885,"actor"
1559,391,4790,"actor"
1560,391,4790,"director"
1561,391,5893,"actor"
1562,391,8173,"actor"
1563,392,514,"actor"
1564,392,4726,"actor"
1565,392,4832,"actor"
1566,392,6857,"director"
1567,393,860,"actor"
1568,393,2578,"director"
1569,393,2624,"actor"
1570,393,5941,"actor"
1571,394,685,"actor"
1572,394,3856,"actor"
1573,394,5821,"actor"
1574,394,7959,"director"
1575,395,463,"actor"
1576,395,3895,"actor"
1577,395,6817,"actor"
1578,395,7547,"director"
1579,396,3923,"director"
1580,396,5257,"actor"
1581,396,8240,"actor"
1582,396,8281,"actor"
1583,397,3923,"director"
1584,397,5257,"actor"
1585,397,8240,"actor"
1586,397,8281,"actor"
1587,398,145,"actor"
1588,398,660,"actor"
1589,398,2794,"actor"
1590,398,8291,"director"
1591,399,996,"actor"
1592,399,3317,"director"
1593,399,5491,"actor"
1594,399,6238,"actor"
1595,400,5219,"actor"
1596,400,5536,"director"
1597,400,6124,"actor"
1598,400,6152,"actor"
1599,401,1512,"actor"
1600,401,3246,"director"
1601,401,5242,"actor"
1602,401,6806,"actor"
1603,402,2007,"actor"
1604,402,3348,"director"
1605,402,4229,"actor"
1606,402,6960,"actor"
1607,403,270,"actor"
1608,403,3930,"director"
1609,403,6155,"actor"
1610,403,7652,"actor"
1611,404,3217,"actor"
1612,404,4742,"actor"
1613,404,6822,"director"
1614,404,7751,"actor"
1615,405,860,"actor"
1616,405,3736,"actor"
1617,405,6764,"actor"
1618,405,7717,"director"
1619,406,784,"actor"
1620,406,5200,"director"
1621,406,6470,"actor"
1622,406,8084,"actor"
1623,407,2749,"director"
1624,407,2903,"actor"
1625,407,3872,"actor"
1626,407,4145,"actor"
1627,408,2749,"director"
1628,408,2903,"actor"
1629,408,3872,"actor"
1630,408,4145,"actor"
1631,409,4777,"actor"
1632,409,5388,"actor"
1633,409,6190,"director"
1634,409,7784,"actor"
1635,410,1755,"director"
1636,410,2101,"actor"
1637,410,5439,"actor"
1638,410,7775,"actor"
1639,411,815,"actor"
1640,411,2235,"actor"
1641,411,4149,"director"
1642,411,6654,"actor"
1643,412,836,"actor"
1644,412,875,"actor"
1645,412,4891,"actor"
1646,412,5605,"director"
1647,413,4016,"actor"
1648,413,4781,"actor"
1649,413,5352,"actor"
1650,413,6629,"director"
1651,414,2599,"actor"
1652,414,6301,"actor"
1653,414,7517,"actor"
1654,414,7833,"director"
1655,415,449,"actor"
1656,415,1050,"actor"
1657,415,2771,"director"
1658,415,7828,"actor"
1659,416,2685,"actor"
1660,416,6928,"actor"
1661,416,7015,"actor"
1662,416,7456,"director"
1663,417,5470,"actor"
1664,417,5531,"actor"
1665,417,5554,"actor"
1666,417,7602,"director"
1667,418,1352,"actor"
1668,418,1500,"actor"
1669,418,1500,"director"
1670,418,7601,"actor"
1671,419,2775,"director"
1672,419,4217,"actor"
1673,419,5257,"actor"
1674,419,7605,"actor"
1675,420,1009,"actor"
1676,420,2449,"actor"
1677,420,6636,"director"
1678,420,7083,"actor"
1679,421,3521,"actor"
1680,421,6408,"actor"
1681,421,7807,"actor"
1682,421,8177,"director"
1683,422,908,"actor"
1684,422,4737,"director"
1685,422,7157,"actor"
1686,422,7843,"actor"
1687,423,1420,"actor"
1688,423,3183,"actor"
1689,423,3531,"actor"
1690,423,4964,"director"
1691,424,1687,"actor"
1692,424,6067,"actor"
1693,424,6470,"actor"
1694,424,7540,"director"
1695,425,4492,"actor"
1696,425,5605,"director"
1697,425,5702,"actor"
1698,425,8070,"actor"
1699,426,766,"actor"
1700,426,1512,"actor"
1701,426,1675,"director"
1702,426,4870,"actor"
1703,427,766,"actor"
1704,427,1512,"actor"
1705,427,1675,"director"
1706,427,4870,"actor"
1707,428,2993,"actor"
1708,428,4995,"actor"
1709,428,6353,"director"
1710,428,8120,"actor"
1711,429,667,"director"
1712,429,2638,"actor"
1713,429,5910,"actor"
1714,429,6852,"actor"
1715,430,66,"director"
1716,430,1893,"actor"
1717,430,4312,"actor"
1718,430,4561,"actor"
1719,431,1149,"actor"
1720,431,3317,"director"
1721,431,3600,"actor"
1722,431,5491,"actor"
1723,432,1489,"actor"
1724,432,1972,"actor"
1725,432,2632,"director"
1726,432,7751,"actor"
1727,433,3894,"director"
1728,433,4337,"actor"
1729,433,6322,"actor"
1730,433,8109,"actor"
1731,434,1859,"actor"
1732,434,4857,"actor"
1733,434,6207,"actor"
1734,434,6296,"director"
1735,435,1203,"actor"
1736,435,1420,"actor"
1737,435,4055,"actor"
1738,435,6972,"director"
1739,436,3586,"actor"
1740,436,4104,"actor"
1741,436,4742,"actor"
1742,436,8233,"director"
1743,437,1065,"actor"
1744,437,4959,"actor"
1745,437,7833,"director"
1746,437,8240,"actor"
1747,438,6894,"actor"
1748,438,7896,"director"
1749,438,7948,"actor"
1750,438,8131,"actor"
1751,439,972,"actor"
1752,439,1984,"actor"
1753,439,3200,"director"
1754,439,6924,"actor"
1755,440,797,"actor"
1756,440,2610,"director"
1757,440,3735,"actor"
1758,440,7830,"actor"
1759,441,2578,"director"
1760,441,3780,"actor"
1761,441,4372,"actor"
1762,441,5941,"actor"
1763,442,4022,"actor"
1764,442,4506,"actor"
1765,442,6037,"director"
1766,442,7862,"actor"
1767,443,1716,"actor"
1768,443,3168,"actor"
1769,443,4405,"actor"
1770,443,7796,"director"
1771,444,3735,"actor"
1772,444,3994,"actor"
1773,444,4191,"actor"
1774,444,6037,"director"
1775,445,1513,"actor"
1776,445,3745,"director"
1777,445,6199,"actor"
1778,445,8109,"actor"
1779,446,4033,"actor"
1780,446,7004,"actor"
1781,446,7404,"director"
1782,446,7972,"actor"
1783,447,1163,"actor"
1784,447,2570,"actor"
1785,447,5242,"actor"
1786,447,6739,"director"
1787,448,4790,"actor"
1788,448,4790,"director"
1789,448,5893,"actor"
1790,448,8173,"actor"
1791,449,1610,"actor"
1792,449,5501,"director"
1793,449,5696,"actor"
1794,449,6097,"actor"
1795,450,782,"actor"
1796,450,5263,"director"
1797,450,5276,"actor"
1798,450,7870,"actor"
1799,451,1261,"actor"
1800,451,5601,"director"
1801,451,6497,"actor"
1802,451,8109,"actor"
1803,452,791,"actor"
1804,452,3758,"actor"
1805,452,4938,"actor"
1806,452,7833,"director"
1807,453,1501,"actor"
1808,453,5691,"director"
1809,453,5918,"actor"
1810,453,6508,"actor"
1811,454,68,"actor"
1812,454,7870,"actor"
1813,454,7906,"actor"
1814,454,7960,"director"
1815,455,4373,"actor"
1816,455,4541,"director"
1817,455,6925,"actor"
1818,455,7669,"actor"
1819,456,4790,"director"
1820,456,7503,"actor"
1821,456,7683,"actor"
1822,456,7903,"actor"
1823,457,1446,"director"
1824,457,3025,"actor"
1825,457,3624,"actor"
1826,457,3995,"actor"
1827,458,4694,"actor"
1828,458,5523,"actor"
1829,458,7040,"director"
1830,458,7509,"actor"
1831,459,1964,"actor"
1832,459,4199,"actor"
1833,459,6909,"actor"
1834,459,7960,"director"
1835,460,2150,"actor"
1836,460,2767,"actor"
1837,460,3082,"actor"
1838,460,5530,"director"
1839,461,2025,"actor"
1840,461,4524,"actor"
1841,461,6261,"actor"
1842,461,6608,"director"
1843,462,1671,"actor"
1844,462,4333,"actor"
1845,462,7052,"director"
1846,462,7689,"actor"
1847,463,66,"director"
1848,463,489,"actor"
1849,463,2624,"actor"
1850,463,4917,"actor"
1851,464,1512,"actor"
1852,464,3559,"director"
1853,464,7582,"actor"
1854,464,7720,"actor"
1855,465,667,"director"
1856,465,1057,"actor"
1857,465,3220,"actor"
1858,465,6834,"actor"
1859,466,408,"actor"
1860,466,597,"actor"
1861,466,1464,"actor"
1862,466,1505,"director"
1863,467,3039,"actor"
1864,467,4411,"actor"
1865,467,6815,"actor"
1866,467,6815,"director"
1867,468,1138,"actor"
1868,468,2277,"director"
1869,468,3183,"actor"
1870,468,8184,"actor"
1871,469,4147,"director"
1872,469,4202,"actor"
1873,469,5021,"actor"
1874,469,5174,"actor"
1875,470,1736,"actor"
1876,470,2453,"actor"
1877,470,4992,"director"
1878,470,6921,"actor"
1879,471,1496,"actor"
1880,471,2015,"actor"
1881,471,2982,"director"
1882,471,7968,"actor"
1883,472,2007,"actor"
1884,472,3348,"director"
1885,472,6960,"actor"
1886,472,7354,"actor"
1887,473,784,"actor"
1888,473,1115,"actor"
1889,473,3972,"director"
1890,473,7249,"actor"
1891,474,2952,"actor"
1892,474,4674,"actor"
1893,474,6584,"director"
1894,474,8120,"actor"
1895,475,2121,"actor"
1896,475,4243,"actor"
1897,475,5702,"actor"
1898,475,8297,"director"
1899,476,2072,"actor"
1900,476,3785,"actor"
1901,476,5430,"director"
1902,476,5622,"actor"
1903,477,3736,"actor"
1904,477,5130,"actor"
1905,477,7340,"director"
1906,477,8255,"actor"
1907,478,1423,"director"
1908,478,3875,"actor"
1909,478,4562,"actor"
1910,478,6794,"actor"
1911,479,2478,"actor"
1912,479,5490,"actor"
1913,479,6654,"actor"
1914,479,6954,"director"
1915,480,3669,"director"
1916,480,4050,"actor"
1917,480,5720,"actor"
1918,480,6367,"actor"
1919,481,746,"director"
1920,481,1157,"actor"
1921,481,3782,"actor"
1922,481,8109,"actor"
1923,482,578,"actor"
1924,482,2045,"actor"
1925,482,3817,"actor"
1926,482,3930,"director"
1927,483,2065,"actor"
1928,483,3396,"actor"
1929,483,3475,"actor"
1930,483,3854,"director"
1931,484,367,"actor"
1932,484,1138,"actor"
1933,484,6739,"director"
1934,484,6835,"actor"
1935,485,5136,"actor"
1936,485,6218,"director"
1937,485,6628,"actor"
1938,485,8309,"actor"
1939,486,815,"actor"
1940,486,971,"director"
1941,486,1236,"actor"
1942,486,6764,"actor"
1943,487,2951,"actor"
1944,487,3349,"actor"
1945,487,6037,"director"
1946,487,7643,"actor"
1947,488,1022,"actor"
1948,488,6584,"director"
1949,488,6846,"actor"
1950,488,8009,"actor"
1951,489,784,"actor"
1952,489,1115,"actor"
1953,489,1595,"director"
1954,489,8070,"actor"
1955,490,4390,"director"
1956,490,5748,"actor"
1957,490,7628,"actor"
1958,490,7728,"actor"
1959,491,1184,"actor"
1960,491,2859,"actor"
1961,491,3586,"actor"
1962,491,7782,"director"
1963,492,3937,"actor"
1964,492,4050,"actor"
1965,492,6265,"director"
1966,492,7885,"actor"
1967,493,887,"actor"
1968,493,2130,"actor"
1969,493,4464,"actor"
1970,493,5884,"director"
1971,494,2065,"actor"
1972,494,3311,"director"
1973,494,6392,"actor"
1974,494,7598,"actor"
1975,495,215,"actor"
1976,495,1179,"actor"
1977,495,2083,"actor"
1978,495,7887,"director"
1979,496,3900,"director"
1980,496,3973,"actor"
1981,496,4857,"actor"
1982,496,6207,"actor"
1983,497,4405,"actor"
1984,497,6286,"actor"
1985,497,7456,"director"
1986,497,7598,"actor"
1987,498,4405,"actor"
1988,498,6286,"actor"
1989,498,7456,"director"
1990,498,7598,"actor"
1991,499,149,"actor"
1992,499,1053,"actor"
1993,499,3972,"director"
1994,499,6569,"actor"
1995,500,3892,"director"
1996,500,4301,"actor"
1997,500,7720,"actor"
1998,500,8243,"actor"
1999,501,2133,"actor"
2000,501,2198,"director"
2001,501,2325,"actor"
2002,501,4367,"actor"
2003,502,2490,"actor"
2004,502,2502,"actor"
2005,502,3248,"actor"
2006,502,5772,"director"
2007,503,209,"actor"
2008,503,2603,"director"
2009,503,4361,"actor"
2010,503,4995,"actor"
2011,504,5248,"director"
2012,504,6376,"actor"
2013,504,6764,"actor"
2014,504,8309,"actor"
2015,505,296,"actor"
2016,505,4050,"actor"
2017,505,6611,"director"
2018,505,7950,"actor"
2019,506,1542,"actor"
2020,506,2132,"director"
2021,506,4219,"actor"
2022,506,4838,"actor"
2023,507,2,"actor"
2024,507,455,"actor"
2025,507,2111,"director"
2026,507,3355,"actor"
2027,508,2710,"director"
2028,508,3029,"actor"
2029,508,7906,"actor"
2030,508,8376,"actor"
2031,509,667,"director"
2032,509,755,"actor"
2033,509,7870,"actor"
2034,509,8050,"actor"
2035,510,4643,"actor"
2036,510,6327,"director"
2037,510,6626,"actor"
2038,510,7605,"actor"
2039,511,798,"actor"
2040,511,6080,"actor"
2041,511,7404,"director"
2042,511,7830,"actor"
2043,512,244,"actor"
2044,512,797,"actor"
2045,512,6629,"director"
2046,512,6791,"actor"
2047,513,791,"actor"
2048,513,5619,"actor"
2049,513,6037,"director"
2050,513,8354,"actor"
2051,514,785,"actor"
2052,514,2108,"director"
2053,514,2659,"actor"
2054,514,4202,"actor"
2055,515,650,"actor"
2056,515,3174,"actor"
2057,515,5263,"director"
2058,515,6824,"actor"
2059,516,2748,"actor"
2060,516,3894,"director"
2061,516,5412,"actor"
2062,516,6318,"actor"
2063,517,3117,"actor"
2064,517,3200,"director"
2065,517,4439,"actor"
2066,517,7950,"actor"
2067,518,985,"actor"
2068,518,1410,"director"
2069,518,3242,"actor"
2070,518,6167,"actor"
2071,519,4431,"actor"
2072,519,4890,"actor"
2073,519,5350,"actor"
2074,519,7462,"director"
2075,520,3591,"actor"
2076,520,4742,"actor"
2077,520,6822,"director"
2078,520,7751,"actor"
2079,521,3242,"actor"
2080,521,5531,"actor"
2081,521,7782,"director"
2082,521,8255,"actor"
2083,522,124,"actor"
2084,522,2753,"actor"
2085,522,4405,"actor"
2086,522,7460,"director"
2087,523,4338,"actor"
2088,523,4465,"actor"
2089,523,6697,"director"
2090,523,7475,"actor"
2091,524,6037,"director"
2092,524,7445,"actor"
2093,524,7862,"actor"
2094,524,7870,"actor"
2095,525,4151,"actor"
2096,525,4643,"actor"
2097,525,6353,"director"
2098,525,6834,"actor"
2099,526,1739,"actor"
2100,526,3994,"actor"
2101,526,6945,"actor"
2102,526,7404,"director"
2103,527,1029,"director"
2104,527,3708,"actor"
2105,527,5777,"actor"
2106,527,6171,"actor"
2107,528,4301,"actor"
2108,528,6328,"actor"
2109,528,6727,"director"
2110,528,7170,"actor"
2111,529,2025,"actor"
2112,529,2266,"director"
2113,529,5352,"actor"
2114,529,5777,"actor"
2115,530,2025,"actor"
2116,530,2266,"director"
2117,530,5352,"actor"
2118,530,5777,"actor"
2119,531,2105,"director"
2120,531,2133,"actor"
2121,531,7639,"actor"
2122,531,8000,"actor"
2123,532,966,"actor"
2124,532,1757,"actor"
2125,532,2033,"actor"
2126,532,4469,"director"
2127,533,270,"actor"
2128,533,2993,"actor"
2129,533,4224,"actor"
2130,533,7540,"director"
2131,534,527,"actor"
2132,534,3930,"director"
2133,534,6763,"actor"
2134,534,7634,"actor"
2135,535,1561,"actor"
2136,535,1925,"director"
2137,535,6579,"actor"
2138,535,7862,"actor"
2139,536,4686,"actor"
2140,536,5475,"actor"
2141,536,8297,"actor"
2142,536,8297,"director"
2143,537,2013,"actor"
2144,537,2624,"actor"
2145,537,5282,"director"
2146,537,5709,"actor"
2147,538,706,"actor"
2148,538,4435,"actor"
2149,538,4542,"actor"
2150,538,6935,"director"
2151,539,855,"actor"
2152,539,5576,"actor"
2153,539,5576,"director"
2154,539,6118,"actor"
2155,540,125,"actor"
2156,540,2318,"actor"
2157,540,2986,"director"
2158,540,5583,"actor"
2159,541,4710,"actor"
2160,541,6304,"actor"
2161,541,7528,"actor"
2162,541,7539,"director"
2163,542,4790,"actor"
2164,542,5893,"actor"
2165,542,8173,"actor"
2166,542,8274,"director"
2167,543,414,"director"
2168,543,1010,"actor"
2169,543,3242,"actor"
2170,543,7605,"actor"
2171,544,3317,"director"
2172,544,5276,"actor"
2173,544,5491,"actor"
2174,544,7848,"actor"
2175,545,475,"actor"
2176,545,1945,"director"
2177,545,1997,"actor"
2178,545,3782,"actor"
2179,546,3697,"actor"
2180,546,4885,"actor"
2181,546,5536,"director"
2182,546,6393,"actor"
2183,547,1599,"actor"
2184,547,3569,"director"
2185,547,4426,"actor"
2186,547,7302,"actor"
2187,548,2564,"actor"
2188,548,2727,"actor"
2189,548,3504,"director"
2190,548,5599,"actor"
2191,549,4229,"actor"
2192,549,4929,"actor"
2193,549,6632,"actor"
2194,549,7513,"director"
2195,550,2000,"actor"
2196,550,3381,"actor"
2197,550,5871,"director"
2198,550,6764,"actor"
2199,551,1057,"actor"
2200,551,2921,"actor"
2201,551,2983,"actor"
2202,551,6739,"director"
2203,552,990,"actor"
2204,552,2606,"director"
2205,552,4229,"actor"
2206,552,6318,"actor"
2207,553,3591,"actor"
2208,553,4742,"actor"
2209,553,6822,"director"
2210,553,7751,"actor"
2211,554,755,"actor"
2212,554,2897,"actor"
2213,554,3633,"actor"
2214,554,3951,"director"
2215,555,4505,"director"
2216,555,5285,"actor"
2217,555,5388,"actor"
2218,555,5607,"actor"
2219,556,6508,"actor"
2220,556,6766,"actor"
2221,556,7870,"actor"
2222,556,7960,"director"
2223,557,1249,"actor"
2224,557,7238,"actor"
2225,557,8184,"actor"
2226,557,8184,"director"
2227,558,1053,"actor"
2228,558,2582,"actor"
2229,558,3871,"actor"
2230,558,6584,"director"
2231,559,1542,"actor"
2232,559,2065,"actor"
2233,559,4022,"actor"
2234,559,7782,"director"
2235,560,3087,"actor"
2236,560,3854,"director"
2237,560,4219,"actor"
2238,560,6034,"actor"
2239,561,2000,"actor"
2240,561,3672,"director"
2241,561,6370,"actor"
2242,561,7948,"actor"
2243,562,5263,"director"
2244,562,5702,"actor"
2245,562,6227,"actor"
2246,562,6764,"actor"
2247,563,1422,"actor"
2248,563,3815,"director"
2249,563,6392,"actor"
2250,563,6798,"actor"
2251,564,1184,"actor"
2252,564,1322,"director"
2253,564,2048,"actor"
2254,564,5032,"actor"
2255,565,1191,"actor"
2256,565,3200,"director"
2257,565,6259,"actor"
2258,565,6672,"actor"
2259,566,2280,"actor"
2260,566,5494,"actor"
2261,566,6499,"director"
2262,566,8256,"actor"
2263,567,1325,"actor"
2264,567,2324,"actor"
2265,567,7678,"actor"
2266,567,8213,"director"
2267,568,5516,"actor"
2268,568,6253,"director"
2269,568,7746,"actor"
2270,568,8218,"actor"
2271,569,1252,"actor"
2272,569,2025,"actor"
2273,569,5914,"actor"
2274,569,7404,"director"
2275,570,31,"actor"
2276,570,4530,"actor"
2277,570,6763,"actor"
2278,570,7462,"director"
2279,571,2686,"director"
2280,571,3032,"actor"
2281,571,3445,"actor"
2282,571,4219,"actor"
2283,572,149,"actor"
2284,572,709,"actor"
2285,572,7363,"director"
2286,572,7903,"actor"
2287,573,830,"actor"
2288,573,4954,"actor"
2289,573,5964,"director"
2290,573,7548,"actor"
2291,574,559,"actor"
2292,574,6160,"director"
2293,574,6941,"actor"
2294,574,7962,"actor"
2295,575,1913,"actor"
2296,575,2822,"actor"
2297,575,4719,"actor"
2298,575,6584,"director"
2299,576,125,"actor"
2300,576,1003,"actor"
2301,576,2578,"director"
2302,576,3828,"actor"
2303,577,1575,"actor"
2304,577,3586,"actor"
2305,577,3972,"director"
2306,577,7157,"actor"
2307,578,5242,"actor"
2308,578,6232,"director"
2309,578,6466,"actor"
2310,578,6909,"actor"
2311,579,5242,"actor"
2312,579,6232,"director"
2313,579,6466,"actor"
2314,579,6909,"actor"
2315,580,559,"actor"
2316,580,5533,"actor"
2317,580,6543,"actor"
2318,580,6899,"director"
2319,581,75,"actor"
2320,581,1768,"director"
2321,581,3871,"actor"
2322,581,7029,"actor"
2323,582,4317,"actor"
2324,582,5101,"actor"
2325,582,5490,"actor"
2326,582,7608,"director"
2327,583,216,"actor"
2328,583,2753,"actor"
2329,583,4405,"actor"
2330,583,6312,"director"
2331,584,3901,"actor"
2332,584,4002,"director"
2333,584,4905,"actor"
2334,584,5798,"actor"
2335,585,3817,"actor"
2336,585,5263,"director"
2337,585,6764,"actor"
2338,585,6791,"actor"
2339,586,293,"actor"
2340,586,887,"actor"
2341,586,4299,"actor"
2342,586,7298,"director"
2343,587,1431,"actor"
2344,587,1737,"actor"
2345,587,3976,"director"
2346,587,6920,"actor"
2347,588,4022,"actor"
2348,588,6465,"director"
2349,588,7860,"actor"
2350,588,8309,"actor"
2351,589,2115,"actor"
2352,589,7363,"director"
2353,589,7770,"actor"
2354,589,8067,"actor"
2355,590,860,"actor"
2356,590,4219,"actor"
2357,590,6834,"actor"
2358,590,7540,"director"
2359,591,2766,"director"
2360,591,3039,"actor"
2361,591,7830,"actor"
2362,591,8273,"actor"
2363,592,1053,"actor"
2364,592,3319,"actor"
2365,592,5558,"director"
2366,592,6632,"actor"
2367,593,1292,"actor"
2368,593,3506,"actor"
2369,593,6037,"director"
2370,593,7029,"actor"
2371,594,910,"actor"
2372,594,5919,"actor"
2373,594,7827,"actor"
2374,594,7873,"director"
2375,595,2925,"actor"
2376,595,3097,"director"
2377,595,3404,"actor"
2378,595,5032,"actor"
2379,596,2553,"actor"
2380,596,2939,"director"
2381,596,4405,"actor"
2382,596,8033,"actor"
2383,597,4888,"actor"
2384,597,5712,"actor"
2385,597,8194,"actor"
2386,597,8235,"director"
2387,598,149,"actor"
2388,598,4534,"director"
2389,598,5619,"actor"
2390,598,5777,"actor"
2391,599,1157,"actor"
2392,599,5200,"director"
2393,599,7770,"actor"
2394,599,8082,"actor"
2395,600,3518,"actor"
2396,600,6652,"actor"
2397,600,6652,"director"
2398,600,7926,"actor"
2399,601,4643,"actor"
2400,601,4790,"actor"
2401,601,5893,"actor"
2402,601,5908,"director"
2403,602,967,"actor"
2404,602,1595,"director"
2405,602,6637,"actor"
2406,602,7047,"actor"
2407,603,2784,"actor"
2408,603,4734,"actor"
2409,603,5379,"actor"
2410,603,5379,"director"
2411,604,2449,"actor"
2412,604,4527,"actor"
2413,604,5594,"director"
2414,604,6094,"actor"
2415,605,3317,"director"
2416,605,3600,"actor"
2417,605,3831,"actor"
2418,605,7004,"actor"
2419,606,463,"actor"
2420,606,671,"director"
2421,606,1109,"actor"
2422,606,6523,"actor"
2423,607,4369,"actor"
2424,607,4506,"actor"
2425,607,5619,"actor"
2426,607,6037,"director"
2427,608,1870,"actor"
2428,608,3003,"actor"
2429,608,3558,"actor"
2430,608,7717,"director"
2431,609,1952,"director"
2432,609,2767,"actor"
2433,609,6010,"actor"
2434,609,6427,"actor"
2435,610,655,"director"
2436,610,843,"actor"
2437,610,2753,"actor"
2438,610,5443,"actor"
2439,611,511,"actor"
2440,611,514,"actor"
2441,611,4073,"director"
2442,611,7157,"actor"
2443,612,4605,"actor"
2444,612,6496,"director"
2445,612,7238,"actor"
2446,612,7578,"actor"
2447,613,2000,"actor"
2448,613,4531,"actor"
2449,613,6739,"director"
2450,613,7870,"actor"
2451,614,4927,"actor"
2452,614,6265,"director"
2453,614,6929,"actor"
2454,614,7885,"actor"
2455,615,2615,"actor"
2456,615,6834,"actor"
2457,615,6886,"director"
2458,615,7179,"actor"
2459,616,1242,"actor"
2460,616,1850,"director"
2461,616,3082,"actor"
2462,616,6214,"actor"
2463,617,1003,"actor"
2464,617,2336,"actor"
2465,617,6136,"actor"
2466,617,7052,"director"
2467,618,386,"actor"
2468,618,5531,"actor"
2469,618,7782,"director"
2470,618,8138,"actor"
2471,619,2214,"actor"
2472,619,2744,"actor"
2473,619,4014,"actor"
2474,619,6567,"director"
2475,620,514,"actor"
2476,620,2578,"director"
2477,620,2706,"actor"
2478,620,4405,"actor"
2479,621,1053,"actor"
2480,621,3182,"actor"
2481,621,5470,"actor"
2482,621,6822,"director"
2483,622,1122,"actor"
2484,622,1559,"actor"
2485,622,6329,"actor"
2486,622,6804,"director"
2487,623,1420,"actor"
2488,623,1497,"actor"
2489,623,4643,"actor"
2490,623,7557,"director"
2491,624,125,"actor"
2492,624,3335,"director"
2493,624,4198,"actor"
2494,624,4538,"actor"
2495,625,1743,"director"
2496,625,2616,"actor"
2497,625,3220,"actor"
2498,625,6204,"actor"
2499,626,1322,"director"
2500,626,2048,"actor"
2501,626,4557,"actor"
2502,626,5032,"actor"
2503,627,514,"actor"
2504,627,3348,"director"
2505,627,7079,"actor"
2506,627,8066,"actor"
2507,628,5920,"actor"
2508,628,6579,"actor"
2509,628,6629,"director"
2510,628,7561,"actor"
2511,629,1685,"actor"
2512,629,1833,"actor"
2513,629,3416,"actor"
2514,629,6224,"director"
2515,630,122,"actor"
2516,630,1997,"actor"
2517,630,2025,"actor"
2518,630,7404,"director"
2519,631,3972,"director"
2520,631,4127,"actor"
2521,631,4932,"actor"
2522,631,7188,"actor"
2523,632,3894,"director"
2524,632,5570,"actor"
2525,632,6130,"actor"
2526,632,6633,"actor"
2527,633,1046,"actor"
2528,633,2624,"actor"
2529,633,4085,"director"
2530,633,4674,"actor"
2531,634,2993,"actor"
2532,634,6139,"actor"
2533,634,6391,"director"
2534,634,6414,"actor"
2535,635,31,"actor"
2536,635,3937,"actor"
2537,635,6629,"director"
2538,635,7754,"actor"
2539,636,971,"director"
2540,636,2668,"actor"
2541,636,2906,"actor"
2542,636,7526,"actor"
2543,637,1352,"actor"
2544,637,6437,"actor"
2545,637,6437,"director"
2546,637,7492,"actor"
2547,638,160,"actor"
2548,638,294,"actor"
2549,638,5547,"actor"
2550,638,7955,"director"
2551,639,782,"actor"
2552,639,2046,"actor"
2553,639,5648,"director"
2554,639,5702,"actor"
2555,640,3736,"actor"
2556,640,5731,"actor"
2557,640,5871,"director"
2558,640,7474,"actor"
2559,641,2414,"actor"
2560,641,5563,"director"
2561,641,7719,"actor"
2562,641,8209,"actor"
2563,642,620,"actor"
2564,642,958,"director"
2565,642,3565,"actor"
2566,642,8000,"actor"
2567,643,2280,"actor"
2568,643,4674,"actor"
2569,643,7278,"actor"
2570,643,7460,"director"
2571,644,981,"director"
2572,644,3668,"actor"
2573,644,7523,"actor"
2574,644,7533,"actor"
2575,645,1500,"actor"
2576,645,1500,"director"
2577,645,2569,"actor"
2578,645,5777,"actor"
2579,646,4638,"actor"
2580,646,4675,"actor"
2581,646,6260,"director"
2582,646,7770,"actor"
2583,647,159,"actor"
2584,647,1017,"actor"
2585,647,3266,"actor"
2586,647,6721,"director"
2587,648,1748,"actor"
2588,648,2606,"director"
2589,648,3156,"actor"
2590,648,5514,"actor"
2591,649,1997,"actor"
2592,649,3677,"actor"
2593,649,6538,"actor"
2594,649,7674,"director"
2595,650,3433,"actor"
2596,650,4783,"actor"
2597,650,6584,"director"
2598,650,7605,"actor"
2599,651,2157,"actor"
2600,651,4061,"director"
2601,651,4783,"actor"
2602,651,5073,"actor"
2603,652,40,"actor"
2604,652,1517,"actor"
2605,652,5712,"actor"
2606,652,6652,"director"
2607,653,2697,"actor"
2608,653,4041,"actor"
2609,653,4096,"director"
2610,653,7492,"actor"
2611,654,1073,"actor"
2612,654,3133,"actor"
2613,654,4045,"director"
2614,654,7753,"actor"
2615,655,3374,"actor"
2616,655,6892,"director"
2617,655,7862,"actor"
2618,655,8267,"actor"
2619,656,797,"actor"
2620,656,1326,"actor"
2621,656,2990,"director"
2622,656,8282,"actor"
2623,657,4481,"director"
2624,657,4682,"actor"
2625,657,6064,"actor"
2626,657,8143,"actor"
2627,658,46,"director"
2628,658,2442,"actor"
2629,658,4301,"actor"
2630,658,4809,"actor"
2631,659,559,"actor"
2632,659,865,"actor"
2633,659,7540,"director"
2634,659,8192,"actor"
2635,660,2416,"actor"
2636,660,3531,"actor"
2637,660,6853,"director"
2638,660,7033,"actor"
2639,661,2499,"actor"
2640,661,3784,"actor"
2641,661,3972,"director"
2642,661,7897,"actor"
2643,662,1376,"actor"
2644,662,3186,"actor"
2645,662,3539,"director"
2646,662,8052,"actor"
2647,663,798,"actor"
2648,663,2732,"director"
2649,663,4050,"actor"
2650,663,4850,"actor"
2651,664,113,"director"
2652,664,114,"actor"
2653,664,7666,"actor"
2654,664,7729,"actor"
2655,665,166,"director"
2656,665,3276,"actor"
2657,665,4551,"actor"
2658,665,4680,"actor"
2659,666,1322,"director"
2660,666,5086,"actor"
2661,666,5363,"actor"
2662,666,6834,"actor"
2663,667,966,"actor"
2664,667,2025,"actor"
2665,667,4405,"actor"
2666,667,4469,"director"
2667,668,4180,"actor"
2668,668,4557,"actor"
2669,668,6773,"director"
2670,668,6920,"actor"
2671,669,530,"actor"
2672,669,6981,"actor"
2673,669,7298,"director"
2674,669,7856,"actor"
2675,670,2025,"actor"
2676,670,3479,"actor"
2677,670,4073,"director"
2678,670,7885,"actor"
2679,671,3428,"actor"
2680,671,4002,"director"
2681,671,4551,"actor"
2682,671,5407,"actor"
2683,672,1000,"director"
2684,672,4483,"actor"
2685,672,5442,"actor"
2686,672,7109,"actor"
2687,673,1193,"actor"
2688,673,2622,"director"
2689,673,5068,"actor"
2690,673,6707,"actor"
2691,674,2706,"actor"
2692,674,4774,"actor"
2693,674,5619,"actor"
2694,674,6333,"director"
2695,675,286,"actor"
2696,675,2151,"actor"
2697,675,7846,"actor"
2698,675,8104,"director"
2699,676,1143,"actor"
2700,676,2336,"actor"
2701,676,4832,"actor"
2702,676,7540,"director"
2703,677,514,"actor"
2704,677,3337,"actor"
2705,677,4222,"actor"
2706,677,6608,"director"
2707,678,1467,"actor"
2708,678,4551,"actor"
2709,678,4785,"director"
2710,678,7504,"actor"
2711,679,485,"director"
2712,679,860,"actor"
2713,679,2547,"actor"
2714,679,2550,"actor"
2715,680,3877,"actor"
2716,680,5322,"actor"
2717,680,6094,"actor"
2718,680,7556,"director"
2719,681,494,"actor"
2720,681,1610,"actor"
2721,681,2568,"actor"
2722,681,7476,"director"
2723,682,2796,"actor"
2724,682,5263,"director"
2725,682,6632,"actor"
2726,682,7561,"actor"
2727,683,3079,"actor"
2728,683,7602,"director"
2729,683,7870,"actor"
2730,683,8217,"actor"
2731,684,390,"director"
2732,684,1716,"actor"
2733,684,2993,"actor"
2734,684,7214,"actor"
2735,685,1764,"actor"
2736,685,2338,"director"
2737,685,4654,"actor"
2738,685,5127,"actor"
2739,686,142,"director"
2740,686,2025,"actor"
2741,686,4219,"actor"
2742,686,7948,"actor"
2743,687,2737,"actor"
2744,687,3079,"actor"
2745,687,3138,"actor"
2746,687,3418,"director"
2747,688,1506,"actor"
2748,688,2133,"actor"
2749,688,4478,"actor"
2750,688,6674,"director"
2751,689,514,"actor"
2752,689,698,"actor"
2753,689,3348,"director"
2754,689,6351,"actor"
2755,690,1685,"actor"
2756,690,2775,"director"
2757,690,5491,"actor"
2758,690,6420,"actor"
2759,691,910,"actor"
2760,691,2706,"actor"
2761,691,5597,"actor"
2762,691,7960,"director"
2763,692,513,"director"
2764,692,4229,"actor"
2765,692,6243,"actor"
2766,692,8352,"actor"
2767,693,4022,"actor"
2768,693,4542,"actor"
2769,693,4700,"director"
2770,693,4792,"actor"
2771,694,979,"director"
2772,694,2149,"actor"
2773,694,6471,"actor"
2774,694,8146,"actor"
2775,695,1245,"director"
2776,695,2125,"actor"
2777,695,2196,"actor"
2778,695,8109,"actor"
2779,696,1242,"actor"
2780,696,3276,"actor"
2781,696,4411,"director"
2782,696,7027,"actor"
2783,697,1893,"actor"
2784,697,7205,"actor"
2785,697,7904,"director"
2786,697,8033,"actor"
2787,698,1619,"actor"
2788,698,3828,"actor"
2789,698,4675,"actor"
2790,698,6160,"director"
2791,699,2823,"actor"
2792,699,3953,"director"
2793,699,4060,"actor"
2794,699,4948,"actor"
2795,700,1274,"actor"
2796,700,2065,"actor"
2797,700,3736,"actor"
2798,700,8297,"director"
2799,701,1962,"actor"
2800,701,2993,"actor"
2801,701,6391,"director"
2802,701,6538,"actor"
2803,702,991,"actor"
2804,702,3470,"actor"
2805,702,3556,"actor"
2806,702,4537,"director"
2807,703,244,"actor"
2808,703,1997,"actor"
2809,703,3188,"actor"
2810,703,7404,"director"
2811,704,667,"director"
2812,704,2000,"actor"
2813,704,2203,"actor"
2814,704,6877,"actor"
2815,705,2514,"actor"
2816,705,3648,"director"
2817,705,4022,"actor"
2818,705,5235,"actor"
2819,706,4719,"actor"
2820,706,5702,"actor"
2821,706,6298,"director"
2822,706,7709,"actor"
2823,707,797,"actor"
2824,707,4022,"actor"
2825,707,5258,"actor"
2826,707,7782,"director"
2827,708,609,"director"
2828,708,1038,"actor"
2829,708,5476,"actor"
2830,708,7118,"actor"
2831,709,6822,"director"
2832,709,7036,"actor"
2833,709,7368,"actor"
2834,709,7885,"actor"
2835,710,3334,"actor"
2836,710,4628,"actor"
2837,710,5698,"director"
2838,710,7354,"actor"
2839,711,3553,"actor"
2840,711,4352,"actor"
2841,711,4899,"actor"
2842,711,6316,"director"
2843,712,405,"director"
2844,712,1420,"actor"
2845,712,5068,"actor"
2846,712,5174,"actor"
2847,713,579,"actor"
2848,713,3189,"actor"
2849,713,7509,"director"
2850,713,8250,"actor"
2851,714,910,"actor"
2852,714,4599,"actor"
2853,714,5871,"director"
2854,714,7870,"actor"
2855,715,514,"actor"
2856,715,910,"actor"
2857,715,2266,"director"
2858,715,4218,"actor"
2859,716,1371,"actor"
2860,716,2416,"actor"
2861,716,2827,"director"
2862,716,4599,"actor"
2863,717,1173,"actor"
2864,717,4542,"actor"
2865,717,6271,"director"
2866,717,7790,"actor"
2867,718,2633,"actor"
2868,718,2767,"actor"
2869,718,6343,"director"
2870,718,6427,"actor"
2871,719,3025,"actor"
2872,719,5709,"actor"
2873,719,7974,"actor"
2874,719,8208,"director"
2875,720,3782,"actor"
2876,720,5702,"actor"
2877,720,7537,"director"
2878,720,7596,"actor"
2879,721,1362,"actor"
2880,721,3006,"director"
2881,721,4038,"actor"
2882,721,5341,"actor"
2883,722,144,"director"
2884,722,1422,"actor"
2885,722,2651,"actor"
2886,722,5622,"actor"
2887,723,1053,"actor"
2888,723,2416,"actor"
2889,723,6369,"actor"
2890,723,6437,"director"
2891,724,2453,"actor"
2892,724,3480,"actor"
2893,724,4534,"director"
2894,724,7089,"actor"
2895,725,1496,"actor"
2896,725,2216,"actor"
2897,725,4844,"actor"
2898,725,6265,"director"
2899,726,2132,"director"
2900,726,3954,"actor"
2901,726,4078,"actor"
2902,726,5032,"actor"
2903,727,4011,"director"
2904,727,4372,"actor"
2905,727,7058,"actor"
2906,727,7970,"actor"
2907,728,150,"actor"
2908,728,3411,"director"
2909,728,3831,"actor"
2910,728,4405,"actor"
2911,729,150,"actor"
2912,729,1831,"director"
2913,729,4075,"actor"
2914,729,4815,"actor"
2915,730,4653,"actor"
2916,730,5721,"actor"
2917,730,6523,"actor"
2918,730,7530,"director"
2919,731,517,"actor"
2920,731,911,"actor"
2921,731,919,"actor"
2922,731,3854,"director"
2923,732,206,"director"
2924,732,638,"actor"
2925,732,1913,"actor"
2926,732,5619,"actor"
2927,733,989,"director"
2928,733,2311,"actor"
2929,733,3009,"actor"
2930,733,4097,"actor"
2931,734,782,"actor"
2932,734,3618,"actor"
2933,734,3844,"director"
2934,734,3966,"actor"
2935,735,3276,"actor"
2936,735,3831,"actor"
2937,735,4680,"actor"
2938,735,5379,"director"
2939,736,424,"actor"
2940,736,461,"actor"
2941,736,1300,"director"
2942,736,3076,"actor"
2943,737,5352,"actor"
2944,737,5850,"actor"
2945,737,5960,"actor"
2946,737,6851,"director"
2947,738,350,"actor"
2948,738,1446,"director"
2949,738,6307,"actor"
2950,738,6560,"actor"
2951,739,1611,"director"
2952,739,2857,"actor"
2953,739,5470,"actor"
2954,739,8262,"actor"
2955,740,2405,"actor"
2956,740,3981,"director"
2957,740,4199,"actor"
2958,740,6282,"actor"
2959,741,3949,"actor"
2960,741,4097,"actor"
2961,741,6282,"actor"
2962,741,6972,"director"
2963,742,859,"actor"
2964,742,2596,"director"
2965,742,3581,"actor"
2966,742,5777,"actor"
2967,743,2343,"actor"
2968,743,4986,"director"
2969,743,6841,"actor"
2970,743,7605,"actor"
2971,744,2561,"director"
2972,744,4425,"actor"
2973,744,6696,"actor"
2974,744,7238,"actor"
2975,745,1046,"actor"
2976,745,2863,"actor"
2977,745,5478,"actor"
2978,745,6315,"director"
2979,746,3317,"director"
2980,746,3404,"actor"
2981,746,7770,"actor"
2982,746,7860,"actor"
2983,747,1870,"actor"
2984,747,5699,"director"
2985,747,6305,"actor"
2986,747,6895,"actor"
2987,748,1184,"actor"
2988,748,2022,"actor"
2989,748,3182,"actor"
2990,748,4737,"director"
2991,749,859,"actor"
2992,749,1050,"actor"
2993,749,7395,"actor"
2994,749,7514,"director"
2995,750,4369,"actor"
2996,750,5709,"actor"
2997,750,6890,"director"
2998,750,7885,"actor"
2999,751,4443,"actor"
3000,751,5791,"actor"
3001,751,6629,"director"
3002,751,7605,"actor"
3003,752,1347,"director"
3004,752,1395,"actor"
3005,752,5735,"actor"
3006,752,6924,"actor"
3007,753,5487,"director"
3008,753,7680,"actor"
3009,753,7743,"actor"
3010,753,8230,"actor"
3011,754,587,"director"
3012,754,3371,"actor"
3013,754,6307,"actor"
3014,754,7414,"actor"
3015,755,1970,"actor"
3016,755,3854,"director"
3017,755,5531,"actor"
3018,755,6576,"actor"
3019,756,2102,"actor"
3020,756,2969,"actor"
3021,756,2974,"actor"
3022,756,6652,"director"
3023,757,3380,"actor"
3024,757,5433,"director"
3025,757,5473,"actor"
3026,757,6156,"actor"
3027,758,2122,"actor"
3028,758,4531,"actor"
3029,758,5263,"director"
3030,758,6764,"actor"
3031,759,913,"director"
3032,759,1191,"actor"
3033,759,2398,"actor"
3034,759,2628,"actor"
3035,760,336,"director"
3036,760,1670,"actor"
3037,760,2129,"actor"
3038,760,2295,"actor"
3039,761,2209,"actor"
3040,761,2606,"director"
3041,761,2886,"actor"
3042,761,3817,"actor"
3043,762,2998,"actor"
3044,762,3079,"actor"
3045,762,4034,"director"
3046,762,8265,"actor"
3047,763,2025,"actor"
3048,763,6696,"actor"
3049,763,7960,"director"
3050,763,8120,"actor"
3051,764,1425,"actor"
3052,764,2604,"actor"
3053,764,5367,"actor"
3054,764,6584,"director"
3055,765,1204,"actor"
3056,765,4917,"actor"
3057,765,6801,"actor"
3058,765,7806,"director"
3059,766,6437,"actor"
3060,766,6804,"director"
3061,766,7031,"actor"
3062,766,7492,"actor"
3063,767,170,"actor"
3064,767,1053,"actor"
3065,767,3972,"director"
3066,767,4501,"actor"
3067,768,700,"actor"
3068,768,3672,"director"
3069,768,3928,"actor"
3070,768,4218,"actor"
3071,769,263,"actor"
3072,769,284,"director"
3073,769,4838,"actor"
3074,769,7031,"actor"
3075,770,2498,"director"
3076,770,4014,"actor"
3077,770,5887,"actor"
3078,770,7940,"actor"
3079,771,671,"director"
3080,771,1997,"actor"
3081,771,4041,"actor"
3082,771,6579,"actor"
3083,772,3206,"actor"
3084,772,3817,"actor"
3085,772,5249,"director"
3086,772,7680,"actor"
3087,773,445,"actor"
3088,773,2550,"actor"
3089,773,3129,"director"
3090,773,4932,"actor"
3091,774,2133,"actor"
3092,774,3808,"director"
3093,774,4562,"actor"
3094,774,5746,"actor"
3095,775,3079,"actor"
3096,775,3799,"director"
3097,775,6765,"actor"
3098,775,7503,"actor"
3099,776,1274,"actor"
3100,776,4855,"actor"
3101,776,5491,"actor"
3102,776,8249,"director"
3103,777,3348,"director"
3104,777,5959,"actor"
3105,777,7232,"actor"
3106,777,7844,"actor"
3107,778,4278,"actor"
3108,778,4685,"director"
3109,778,4778,"actor"
3110,778,6922,"actor"
3111,779,653,"director"
3112,779,5597,"actor"
3113,779,5941,"actor"
3114,779,6376,"actor"
3115,780,4229,"actor"
3116,780,5682,"director"
3117,780,5941,"actor"
3118,780,8050,"actor"
3119,781,2465,"actor"
3120,781,3470,"actor"
3121,781,3859,"actor"
3122,781,4537,"director"
3123,782,98,"actor"
3124,782,4146,"director"
3125,782,6755,"actor"
3126,782,8135,"actor"
3127,783,1004,"actor"
3128,783,1157,"actor"
3129,783,1420,"actor"
3130,783,6233,"director"
3131,784,263,"actor"
3132,784,3520,"actor"
3133,784,6056,"actor"
3134,784,7460,"director"
3135,785,514,"actor"
3136,785,860,"actor"
3137,785,3780,"actor"
3138,785,6037,"director"
3139,786,4538,"actor"
3140,786,5777,"actor"
3141,786,6579,"actor"
3142,786,8291,"director"
3143,787,1371,"actor"
3144,787,2615,"actor"
3145,787,3170,"actor"
3146,787,5685,"director"
3147,788,3736,"actor"
3148,788,4628,"actor"
3149,788,6653,"director"
3150,788,6765,"actor"
3151,789,2416,"actor"
3152,789,3458,"actor"
3153,789,4832,"actor"
3154,789,5499,"director"
3155,790,461,"actor"
3156,790,2592,"actor"
3157,790,2689,"actor"
3158,790,7419,"director"
3159,791,910,"actor"
3160,791,1850,"director"
3161,791,5777,"actor"
3162,791,6560,"actor"
3163,792,149,"actor"
3164,792,430,"director"
3165,792,4352,"actor"
3166,792,7915,"actor"
3167,793,872,"actor"
3168,793,2303,"actor"
3169,793,6232,"director"
3170,793,6763,"actor"
3171,794,4103,"actor"
3172,794,5124,"actor"
3173,794,5841,"actor"
3174,794,6857,"director"
3175,795,1193,"actor"
3176,795,2447,"director"
3177,795,2697,"actor"
3178,795,3276,"actor"
3179,796,1467,"actor"
3180,796,1561,"actor"
3181,796,1815,"actor"
3182,796,6977,"director"
3183,797,3570,"actor"
3184,797,4927,"actor"
3185,797,5818,"actor"
3186,797,6465,"director"
3187,798,6739,"director"
3188,798,7067,"actor"
3189,798,7288,"actor"
3190,798,8202,"actor"
3191,799,1500,"actor"
3192,799,1500,"director"
3193,799,1982,"actor"
3194,799,5470,"actor"
3195,800,2259,"director"
3196,800,5405,"actor"
3197,800,5568,"actor"
3198,800,7264,"actor"
3199,801,2587,"actor"
3200,801,3184,"actor"
3201,801,3541,"director"
3202,801,6051,"actor"
3203,802,4713,"actor"
3204,802,5140,"director"
3205,802,5944,"actor"
3206,802,7435,"actor"
3207,803,1875,"actor"
3208,803,2610,"director"
3209,803,7497,"actor"
3210,803,8132,"actor"
3211,804,3367,"director"
3212,804,6278,"actor"
3213,804,8135,"actor"
3214,804,8253,"actor"
3215,805,3175,"director"
3216,805,3649,"actor"
3217,805,4455,"actor"
3218,805,6531,"actor"
3219,806,463,"actor"
3220,806,1274,"actor"
3221,806,5726,"director"
3222,806,8130,"actor"
3223,807,40,"actor"
3224,807,2918,"director"
3225,807,8120,"actor"
3226,807,8148,"actor"
3227,808,4792,"actor"
3228,808,6121,"actor"
3229,808,6824,"actor"
3230,808,7052,"director"
3231,809,2000,"actor"
3232,809,2706,"actor"
3233,809,6766,"actor"
3234,809,6872,"director"
3235,810,1062,"director"
3236,810,1274,"actor"
3237,810,4531,"actor"
3238,810,4538,"actor"
3239,811,782,"actor"
3240,811,2698,"director"
3241,811,7492,"actor"
3242,811,7986,"actor"
3243,812,2939,"director"
3244,812,3078,"actor"
3245,812,4643,"actor"
3246,812,8192,"actor"
3247,813,3761,"actor"
3248,813,3955,"director"
3249,813,3989,"actor"
3250,813,7885,"actor"
3251,814,937,"actor"
3252,814,2741,"director"
3253,814,6152,"actor"
3254,814,6307,"actor"
3255,815,283,"actor"
3256,815,4014,"actor"
3257,815,8158,"actor"
3258,815,8208,"director"
3259,816,958,"director"
3260,816,1573,"actor"
3261,816,2025,"actor"
3262,816,7970,"actor"
3263,817,3549,"actor"
3264,817,4534,"director"
3265,817,6676,"actor"
3266,817,8371,"actor"
3267,818,1394,"actor"
3268,818,3027,"actor"
3269,818,4457,"actor"
3270,818,7853,"director"
3271,819,1995,"actor"
3272,819,2506,"actor"
3273,819,5021,"actor"
3274,819,5259,"director"
3275,820,3854,"director"
3276,820,4538,"actor"
3277,820,5365,"actor"
3278,820,6034,"actor"
3279,821,2514,"actor"
3280,821,3828,"actor"
3281,821,4538,"director"
3282,821,8120,"actor"
3283,822,1579,"actor"
3284,822,2706,"actor"
3285,822,4230,"director"
3286,822,5619,"actor"
3287,823,1053,"actor"
3288,823,2000,"actor"
3289,823,3911,"actor"
3290,823,5689,"director"
3291,824,867,"director"
3292,824,2989,"actor"
3293,824,4207,"actor"
3294,824,5702,"actor"
3295,825,373,"actor"
3296,825,2956,"actor"
3297,825,5813,"actor"
3298,825,6005,"director"
3299,826,413,"actor"
3300,826,1784,"actor"
3301,826,5009,"actor"
3302,826,8206,"director"
3303,827,1427,"actor"
3304,827,4525,"actor"
3305,827,4666,"director"
3306,827,6347,"actor"
3307,828,859,"actor"
3308,828,1997,"actor"
3309,828,4015,"director"
3310,828,7067,"actor"
3311,829,390,"director"
3312,829,4405,"actor"
3313,829,4508,"actor"
3314,829,5777,"actor"
3315,830,125,"actor"
3316,830,1003,"actor"
3317,830,2986,"director"
3318,830,5258,"actor"
3319,831,2025,"actor"
3320,831,2266,"director"
3321,831,5317,"actor"
3322,831,7157,"actor"
3323,832,332,"actor"
3324,832,6725,"director"
3325,832,7605,"actor"
3326,832,8120,"actor"
3327,833,996,"actor"
3328,833,2022,"actor"
3329,833,6725,"director"
3330,833,7721,"actor"
3331,834,1446,"director"
3332,834,3319,"actor"
3333,834,6877,"actor"
3334,834,8067,"actor"
3335,835,3894,"director"
3336,835,5640,"actor"
3337,835,7492,"actor"
3338,835,8050,"actor"
3339,836,2670,"actor"
3340,836,3563,"actor"
3341,836,5842,"actor"
3342,836,8297,"director"
3343,837,146,"director"
3344,837,370,"actor"
3345,837,3768,"actor"
3346,837,6337,"actor"
3347,838,3220,"actor"
3348,838,3831,"actor"
3349,838,6034,"actor"
3350,838,7554,"director"
3351,839,798,"actor"
3352,839,3218,"actor"
3353,839,5486,"director"
3354,839,6204,"actor"
3355,840,765,"actor"
3356,840,3828,"actor"
3357,840,3997,"director"
3358,840,6376,"actor"
3359,841,1274,"actor"
3360,841,6212,"actor"
3361,841,6212,"director"
3362,841,6995,"actor"
3363,842,4514,"director"
3364,842,7031,"actor"
3365,842,7445,"actor"
3366,842,8228,"actor"
3367,843,152,"director"
3368,843,1280,"actor"
3369,843,3710,"actor"
3370,843,6207,"actor"
3371,844,1904,"director"
3372,844,1913,"actor"
3373,844,4849,"actor"
3374,844,5292,"actor"
3375,845,885,"actor"
3376,845,1670,"actor"
3377,845,5351,"director"
3378,845,6797,"actor"
3379,846,1275,"actor"
3380,846,6437,"actor"
3381,846,6804,"director"
3382,846,7031,"actor"
3383,847,362,"actor"
3384,847,749,"actor"
3385,847,3002,"actor"
3386,847,7404,"director"
3387,848,220,"actor"
3388,848,1599,"actor"
3389,848,6739,"director"
3390,848,8148,"actor"
3391,849,1970,"actor"
3392,849,2920,"actor"
3393,849,5542,"actor"
3394,849,7404,"director"
3395,850,966,"actor"
3396,850,4238,"actor"
3397,850,4469,"director"
3398,850,6616,"actor"
3399,851,966,"actor"
3400,851,4238,"actor"
3401,851,4469,"director"
3402,851,6616,"actor"
3403,852,52,"actor"
3404,852,2016,"director"
3405,852,2567,"actor"
3406,852,4528,"actor"
3407,853,1021,"director"
3408,853,1265,"actor"
3409,853,2214,"actor"
3410,853,2917,"actor"
3411,854,31,"actor"
3412,854,5285,"actor"
3413,854,6871,"director"
3414,854,8230,"actor"
3415,855,890,"actor"
3416,855,1096,"director"
3417,855,4439,"actor"
3418,855,7870,"actor"
3419,856,989,"director"
3420,856,3009,"actor"
3421,856,3289,"actor"
3422,856,3735,"actor"
3423,857,3160,"actor"
3424,857,5726,"director"
3425,857,6573,"actor"
3426,857,7130,"actor"
3427,858,3618,"actor"
3428,858,5731,"actor"
3429,858,6748,"director"
3430,858,7492,"actor"
3431,859,797,"actor"
3432,859,878,"director"
3433,859,4850,"actor"
3434,859,6672,"actor"
3435,860,1498,"actor"
3436,860,3996,"director"
3437,860,5365,"actor"
3438,860,5734,"actor"
3439,861,2368,"director"
3440,861,2571,"actor"
3441,861,5318,"actor"
3442,861,6468,"actor"
3443,862,4995,"actor"
3444,862,5266,"actor"
3445,862,5830,"actor"
3446,862,7782,"director"
3447,863,3671,"director"
3448,863,4792,"actor"
3449,863,5470,"actor"
3450,863,6764,"actor"
3451,864,1020,"actor"
3452,864,2757,"actor"
3453,864,4219,"actor"
3454,864,7456,"director"
3455,865,5841,"actor"
3456,865,6180,"actor"
3457,865,6705,"director"
3458,865,8354,"actor"
3459,866,149,"actor"
3460,866,4219,"actor"
3461,866,4832,"actor"
3462,866,5871,"director"
3463,867,971,"director"
3464,867,4628,"actor"
3465,867,7870,"actor"
3466,867,8066,"actor"
3467,868,947,"actor"
3468,868,1189,"actor"
3469,868,3423,"actor"
3470,868,6611,"director"
3471,869,975,"actor"
3472,869,2990,"director"
3473,869,3908,"actor"
3474,869,6014,"actor"
3475,870,919,"actor"
3476,870,6343,"director"
3477,870,7214,"actor"
3478,870,8217,"actor"
3479,871,1855,"actor"
3480,871,4061,"director"
3481,871,4655,"actor"
3482,871,6766,"actor"
3483,872,1997,"actor"
3484,872,4838,"actor"
3485,872,6579,"actor"
3486,872,6890,"director"
3487,873,680,"director"
3488,873,972,"actor"
3489,873,2989,"actor"
3490,873,4792,"actor"
3491,874,1818,"actor"
3492,874,6859,"actor"
3493,874,8158,"actor"
3494,874,8208,"director"
3495,875,836,"actor"
3496,875,2498,"director"
3497,875,3276,"actor"
3498,875,8152,"actor"
3499,876,621,"actor"
3500,876,4085,"director"
3501,876,5391,"actor"
3502,876,6367,"actor"
3503,877,2259,"director"
3504,877,2614,"actor"
3505,877,3966,"actor"
3506,877,5568,"actor"
3507,878,573,"actor"
3508,878,5896,"actor"
3509,878,5984,"actor"
3510,878,7161,"director"
3511,879,1416,"actor"
3512,879,1551,"actor"
3513,879,2831,"actor"
3514,879,6972,"director"
3515,880,667,"director"
3516,880,910,"actor"
3517,880,5724,"actor"
3518,880,6764,"actor"
3519,881,809,"director"
3520,881,2200,"actor"
3521,881,3220,"actor"
3522,881,6766,"actor"
3523,882,797,"actor"
3524,882,3835,"director"
3525,882,5551,"actor"
3526,882,8192,"actor"
3527,883,662,"actor"
3528,883,3121,"actor"
3529,883,5954,"actor"
3530,883,6682,"director"
3531,884,244,"actor"
3532,884,4075,"actor"
3533,884,4075,"director"
3534,884,4815,"actor"
3535,885,385,"director"
3536,885,2000,"actor"
3537,885,6204,"actor"
3538,885,6955,"actor"
3539,886,193,"actor"
3540,886,838,"actor"
3541,886,2159,"director"
3542,886,4038,"actor"
3543,887,1258,"actor"
3544,887,2461,"actor"
3545,887,7885,"actor"
3546,887,7885,"director"
3547,888,689,"actor"
3548,888,5258,"actor"
3549,888,7484,"director"
3550,888,8033,"actor"
3551,889,421,"actor"
3552,889,716,"director"
3553,889,3425,"actor"
3554,889,5352,"actor"
3555,890,396,"director"
3556,890,942,"actor"
3557,890,1398,"actor"
3558,890,6467,"actor"
3559,891,213,"director"
3560,891,561,"actor"
3561,891,3043,"actor"
3562,891,6700,"actor"
3563,892,519,"director"
3564,892,1522,"actor"
3565,892,4263,"actor"
3566,892,4628,"actor"
3567,893,2318,"actor"
3568,893,4638,"actor"
3569,893,6764,"actor"
3570,893,7960,"director"
3571,894,2303,"actor"
3572,894,3119,"director"
3573,894,7453,"actor"
3574,894,7553,"actor"
3575,895,23,"director"
3576,895,2920,"actor"
3577,895,3182,"actor"
3578,895,8130,"actor"
3579,896,745,"actor"
3580,896,6057,"actor"
3581,896,7462,"director"
3582,896,7915,"actor"
3583,897,220,"actor"
3584,897,859,"actor"
3585,897,3932,"director"
3586,897,4411,"actor"
3587,898,786,"actor"
3588,898,2000,"actor"
3589,898,2714,"director"
3590,898,3445,"actor"
3591,899,3922,"director"
3592,899,5112,"actor"
3593,899,5235,"actor"
3594,899,7697,"actor"
3595,900,494,"actor"
3596,900,979,"director"
3597,900,2000,"actor"
3598,900,4135,"actor"
3599,901,1682,"director"
3600,901,3358,"actor"
3601,901,4951,"actor"
3602,901,8337,"actor"
3603,902,1582,"actor"
3604,902,5441,"actor"
3605,902,6584,"director"
3606,902,8348,"actor"
3607,903,621,"actor"
3608,903,655,"director"
3609,903,3558,"actor"
3610,903,5717,"actor"
3611,904,1800,"actor"
3612,904,3276,"actor"
3613,904,3319,"actor"
3614,904,7904,"director"
3615,905,1138,"actor"
3616,905,5202,"actor"
3617,905,5340,"director"
3618,905,5597,"actor"
3619,906,1157,"actor"
3620,906,4630,"actor"
3621,906,7363,"director"
3622,906,7986,"actor"
3623,907,885,"actor"
3624,907,5487,"director"
3625,907,5491,"actor"
3626,907,5941,"actor"
3627,908,758,"actor"
3628,908,3828,"actor"
3629,908,4317,"actor"
3630,908,7887,"director"
3631,909,1275,"actor"
3632,909,2115,"actor"
3633,909,6579,"actor"
3634,909,6897,"director"
3635,910,1741,"director"
3636,910,2493,"actor"
3637,910,4436,"actor"
3638,910,7324,"actor"
3639,911,1138,"actor"
3640,911,1970,"actor"
3641,911,7492,"actor"
3642,911,7492,"director"
3643,912,150,"actor"
3644,912,3396,"actor"
3645,912,3411,"director"
3646,912,6382,"actor"
3647,913,3828,"actor"
3648,913,4035,"director"
3649,913,6538,"actor"
3650,913,7553,"actor"
3651,914,1184,"actor"
3652,914,1415,"director"
3653,914,2634,"actor"
3654,914,4692,"actor"
3655,915,494,"actor"
3656,915,4504,"actor"
3657,915,5948,"director"
3658,915,8135,"actor"
3659,916,1199,"director"
3660,916,3417,"actor"
3661,916,7350,"actor"
3662,916,8384,"actor"
3663,917,2461,"actor"
3664,917,3468,"actor"
3665,917,3558,"actor"
3666,917,6697,"director"
3667,918,501,"actor"
3668,918,860,"actor"
3669,918,4323,"actor"
3670,918,7254,"director"
3671,919,2201,"actor"
3672,919,2762,"actor"
3673,919,4630,"actor"
3674,919,7901,"director"
3675,920,2577,"actor"
3676,920,4372,"actor"
3677,920,5086,"actor"
3678,920,5601,"director"
3679,921,1500,"actor"
3680,921,1500,"director"
3681,921,5202,"actor"
3682,921,7157,"actor"
3683,922,782,"actor"
3684,922,1236,"director"
3685,922,4544,"actor"
3686,922,5549,"actor"
3687,923,1964,"actor"
3688,923,2706,"actor"
3689,923,2993,"actor"
3690,923,8291,"director"
3691,924,2696,"actor"
3692,924,3543,"director"
3693,924,5619,"actor"
3694,924,6538,"actor"
3695,925,514,"actor"
3696,925,5365,"actor"
3697,925,5777,"actor"
3698,925,7540,"director"
3699,926,580,"director"
3700,926,2398,"actor"
3701,926,3010,"actor"
3702,926,6995,"actor"
3703,927,2416,"actor"
3704,927,2615,"actor"
3705,927,4317,"actor"
3706,927,4986,"director"
3707,928,742,"actor"
3708,928,2108,"director"
3709,928,4445,"actor"
3710,928,4599,"actor"
3711,929,3352,"director"
3712,929,5011,"actor"
3713,929,7326,"actor"
3714,929,8320,"actor"
3715,930,1240,"actor"
3716,930,3510,"director"
3717,930,6819,"actor"
3718,930,8222,"actor"
3719,931,3854,"director"
3720,931,3931,"actor"
3721,931,5531,"actor"
3722,931,8152,"actor"
3723,932,2110,"actor"
3724,932,5944,"actor"
3725,932,5970,"actor"
3726,932,6230,"director"
3727,933,3220,"actor"
3728,933,4089,"director"
3729,933,4369,"actor"
3730,933,5028,"actor"
3731,934,2615,"actor"
3732,934,2767,"actor"
3733,934,2951,"actor"
3734,934,5191,"director"
3735,935,2516,"actor"
3736,935,2971,"actor"
3737,935,3412,"actor"
3738,935,5704,"director"
3739,936,2465,"actor"
3740,936,3859,"actor"
3741,936,4537,"director"
3742,936,5317,"actor"
3743,937,325,"actor"
3744,937,637,"actor"
3745,937,5067,"director"
3746,937,5753,"actor"
3747,938,159,"actor"
3748,938,848,"actor"
3749,938,3403,"actor"
3750,938,3727,"director"
3751,939,1800,"actor"
3752,939,5769,"actor"
3753,939,7362,"director"
3754,939,7492,"actor"
3755,940,203,"actor"
3756,940,4219,"actor"
3757,940,5593,"actor"
3758,940,6629,"director"
3759,941,4691,"actor"
3760,941,5365,"actor"
3761,941,6822,"director"
3762,941,7906,"actor"
3763,942,3360,"director"
3764,942,3425,"actor"
3765,942,6764,"actor"
3766,942,7605,"actor"
3767,943,162,"actor"
3768,943,490,"actor"
3769,943,4655,"actor"
3770,943,7342,"director"
3771,944,1865,"actor"
3772,944,4228,"actor"
3773,944,5946,"actor"
3774,944,8142,"director"
3775,945,2886,"actor"
3776,945,3405,"actor"
3777,945,6857,"director"
3778,945,8029,"actor"
3779,946,4207,"actor"
3780,946,5017,"actor"
3781,946,8297,"actor"
3782,946,8297,"director"
3783,947,3051,"director"
3784,947,5495,"actor"
3785,947,7455,"actor"
3786,947,8066,"actor"
3787,948,125,"actor"
3788,948,494,"actor"
3789,948,4022,"actor"
3790,948,5698,"director"
3791,949,1191,"actor"
3792,949,1818,"actor"
3793,949,2542,"director"
3794,949,4375,"actor"
3795,950,2053,"actor"
3796,950,4264,"actor"
3797,950,4331,"director"
3798,950,5021,"actor"
3799,951,3856,"actor"
3800,951,4369,"actor"
3801,951,6233,"director"
3802,951,7202,"actor"
3803,952,1193,"actor"
3804,952,3780,"actor"
3805,952,4015,"director"
3806,952,5941,"actor"
3807,953,2288,"actor"
3808,953,3686,"director"
3809,953,5840,"actor"
3810,953,6778,"actor"
3811,954,3797,"actor"
3812,954,4799,"director"
3813,954,6834,"actor"
3814,954,7045,"actor"
3815,955,2000,"actor"
3816,955,3974,"actor"
3817,955,6697,"director"
3818,955,8120,"actor"
3819,956,406,"director"
3820,956,836,"actor"
3821,956,5297,"actor"
3822,956,8301,"actor"
3823,957,27,"actor"
3824,957,947,"actor"
3825,957,3078,"actor"
3826,957,7059,"director"
3827,958,2939,"director"
3828,958,5317,"actor"
3829,958,5724,"actor"
3830,958,6834,"actor"
3831,959,2750,"director"
3832,959,5510,"actor"
3833,959,5724,"actor"
3834,959,5746,"actor"
3835,960,1285,"actor"
3836,960,1434,"director"
3837,960,3072,"actor"
3838,960,6836,"actor"
3839,961,749,"actor"
3840,961,2822,"actor"
3841,961,4681,"actor"
3842,961,4875,"director"
3843,962,2251,"actor"
3844,962,3027,"actor"
3845,962,5017,"actor"
3846,962,5778,"director"
3847,963,494,"actor"
3848,963,3744,"director"
3849,963,5791,"actor"
3850,963,7115,"actor"
3851,964,3237,"actor"
3852,964,4239,"director"
3853,964,5466,"actor"
3854,964,7788,"actor"
3855,965,794,"actor"
3856,965,801,"director"
3857,965,1221,"actor"
3858,965,6669,"actor"
3859,966,2610,"director"
3860,966,4714,"actor"
3861,966,7903,"actor"
3862,966,8217,"actor"
3863,967,3454,"actor"
3864,967,5333,"actor"
3865,967,5872,"director"
3866,967,7408,"actor"
3867,968,6437,"director"
3868,968,6764,"actor"
3869,968,6769,"actor"
3870,968,7337,"actor"
3871,969,2698,"director"
3872,969,5777,"actor"
3873,969,7668,"actor"
3874,969,7948,"actor"
3875,970,5263,"director"
3876,970,7698,"actor"
3877,970,7700,"actor"
3878,970,8010,"actor"
3879,971,1611,"director"
3880,971,4538,"actor"
3881,971,5335,"actor"
3882,971,6204,"actor"
3883,972,5381,"actor"
3884,972,6497,"actor"
3885,972,7598,"actor"
3886,972,7904,"director"
3887,973,1757,"actor"
3888,973,3476,"actor"
3889,973,5388,"actor"
3890,973,6647,"director"
3891,974,4680,"actor"
3892,974,4791,"actor"
3893,974,5887,"actor"
3894,974,7741,"director"
3895,975,843,"actor"
3896,975,1572,"director"
3897,975,5476,"actor"
3898,975,8238,"actor"
3899,976,671,"director"
3900,976,4855,"actor"
3901,976,6707,"actor"
3902,976,8230,"actor"
3903,977,859,"actor"
3904,977,1500,"director"
3905,977,4538,"actor"
3906,977,4787,"actor"
3907,978,960,"director"
3908,978,2506,"actor"
3909,978,3026,"actor"
3910,978,6227,"actor"
3911,979,996,"actor"
3912,979,3986,"director"
3913,979,6832,"actor"
3914,979,7634,"actor"
3915,980,6451,"actor"
3916,980,6659,"actor"
3917,980,7074,"actor"
3918,980,7074,"director"
3919,981,1425,"actor"
3920,981,4219,"actor"
3921,981,6087,"director"
3922,981,6959,"actor"
3923,982,4439,"actor"
3924,982,5570,"actor"
3925,982,6548,"actor"
3926,982,7514,"director"
3927,983,2054,"actor"
3928,983,5346,"actor"
3929,983,7994,"actor"
3930,983,7994,"director"
3931,984,1507,"actor"
3932,984,2827,"director"
3933,984,6664,"actor"
3934,984,7915,"actor"
3935,985,340,"actor"
3936,985,4643,"actor"
3937,985,4713,"actor"
3938,985,7509,"director"
3939,986,814,"actor"
3940,986,3013,"director"
3941,986,3276,"actor"
3942,986,5724,"actor"
3943,987,3276,"actor"
3944,987,4543,"actor"
3945,987,6059,"actor"
3946,987,8208,"director"
3947,988,1556,"actor"
3948,988,2913,"director"
3949,988,3266,"actor"
3950,988,4057,"actor"
3951,989,910,"actor"
3952,989,3532,"director"
3953,989,5068,"actor"
3954,989,8109,"actor"
3955,990,706,"actor"
3956,990,2775,"director"
3957,990,5914,"actor"
3958,990,7058,"actor"
3959,991,1667,"actor"
3960,991,6330,"actor"
3961,991,6487,"actor"
3962,991,7425,"director"
3963,992,802,"director"
3964,992,3736,"actor"
3965,992,4218,"actor"
3966,992,7915,"actor"
3967,993,1315,"actor"
3968,993,1834,"actor"
3969,993,5505,"director"
3970,993,5768,"actor"
3971,994,2785,"director"
3972,994,5427,"actor"
3973,994,8067,"actor"
3974,994,8152,"actor"
3975,995,1783,"director"
3976,995,2567,"actor"
3977,995,3403,"actor"
3978,995,8085,"actor"
3979,996,2615,"actor"
3980,996,5180,"director"
3981,996,5548,"actor"
3982,996,5709,"actor"
3983,997,3411,"director"
3984,997,3475,"actor"
3985,997,4915,"actor"
3986,997,7697,"actor"
3987,998,870,"director"
3988,998,3458,"actor"
3989,998,6616,"actor"
3990,998,8111,"actor"
3991,999,3283,"actor"
3992,999,6158,"actor"
3993,999,6232,"director"
3994,999,7232,"actor"
3995,1000,488,"actor"
3996,1000,1240,"actor"
3997,1000,3072,"actor"
3998,1000,4472,"director"
3999,1001,1485,"actor"
4000,1001,2915,"actor"
4001,1001,3552,"director"
4002,1001,7687,"actor"
4003,1002,3880,"actor"
4004,1002,4254,"actor"
4005,1002,6766,"director"
4006,1002,7843,"actor"
4007,1003,917,"actor"
4008,1003,3736,"actor"
4009,1003,5224,"actor"
4010,1003,6312,"director"
4011,1004,106,"actor"
4012,1004,776,"director"
4013,1004,6051,"actor"
4014,1004,6880,"actor"
4015,1005,481,"actor"
4016,1005,2004,"actor"
4017,1005,4602,"director"
4018,1005,4608,"actor"
4019,1006,125,"actor"
4020,1006,1258,"actor"
4021,1006,4405,"actor"
4022,1006,7674,"director"
4023,1007,142,"director"
4024,1007,910,"actor"
4025,1007,2993,"actor"
4026,1007,5837,"actor"
4027,1008,514,"actor"
4028,1008,676,"actor"
4029,1008,2989,"actor"
4030,1008,4755,"director"
4031,1009,1053,"actor"
4032,1009,2706,"actor"
4033,1009,4964,"director"
4034,1009,5712,"actor"
4035,1010,4802,"actor"
4036,1010,5181,"actor"
4037,1010,6288,"director"
4038,1010,7915,"actor"
4039,1011,4802,"actor"
4040,1011,5181,"actor"
4041,1011,6288,"director"
4042,1011,7915,"actor"
4043,1012,573,"actor"
4044,1012,1237,"actor"
4045,1012,1850,"director"
4046,1012,1973,"actor"
4047,1013,430,"director"
4048,1013,3047,"actor"
4049,1013,3780,"actor"
4050,1013,4337,"actor"
4051,1014,1053,"actor"
4052,1014,3218,"actor"
4053,1014,5499,"director"
4054,1014,7395,"actor"
4055,1015,2920,"actor"
4056,1015,4405,"actor"
4057,1015,5124,"actor"
4058,1015,7464,"director"
4059,1016,559,"actor"
4060,1016,6667,"actor"
4061,1016,7540,"director"
4062,1016,8060,"actor"
4063,1017,797,"actor"
4064,1017,3792,"actor"
4065,1017,4034,"director"
4066,1017,6304,"actor"
4067,1018,573,"actor"
4068,1018,3082,"actor"
4069,1018,5104,"actor"
4070,1018,5716,"director"
4071,1019,963,"actor"
4072,1019,4505,"director"
4073,1019,4680,"actor"
4074,1019,6048,"actor"
4075,1020,1964,"actor"
4076,1020,2578,"director"
4077,1020,5317,"actor"
4078,1020,8148,"actor"
4079,1021,1299,"actor"
4080,1021,3949,"actor"
4081,1021,6259,"actor"
4082,1021,6315,"director"
4083,1022,294,"actor"
4084,1022,5497,"actor"
4085,1022,6391,"director"
4086,1022,8074,"actor"
4087,1023,706,"actor"
4088,1023,1101,"actor"
4089,1023,1891,"director"
4090,1023,2519,"actor"
4091,1024,3070,"director"
4092,1024,3387,"actor"
4093,1024,7062,"actor"
4094,1024,7725,"actor"
4095,1025,609,"director"
4096,1025,1038,"actor"
4097,1025,7118,"actor"
4098,1025,7352,"actor"
4099,1026,1473,"director"
4100,1026,2587,"actor"
4101,1026,3185,"actor"
4102,1026,5637,"actor"
4103,1027,2865,"actor"
4104,1027,3317,"director"
4105,1027,4352,"actor"
4106,1027,4792,"actor"
4107,1028,1526,"actor"
4108,1028,3817,"actor"
4109,1028,6865,"director"
4110,1028,8138,"actor"
4111,1029,1991,"actor"
4112,1029,3329,"actor"
4113,1029,6863,"director"
4114,1029,8173,"actor"
4115,1030,3032,"actor"
4116,1030,3581,"actor"
4117,1030,4719,"actor"
4118,1030,6756,"director"
4119,1031,432,"actor"
4120,1031,3384,"director"
4121,1031,5840,"actor"
4122,1031,6765,"actor"
4123,1032,6133,"actor"
4124,1032,6303,"actor"
4125,1032,8068,"actor"
4126,1032,8104,"director"
4127,1033,494,"actor"
4128,1033,2110,"actor"
4129,1033,2670,"actor"
4130,1033,5648,"director"
4131,1034,667,"director"
4132,1034,3974,"actor"
4133,1034,4599,"actor"
4134,1034,6764,"actor"
4135,1035,453,"actor"
4136,1035,4744,"actor"
4137,1035,5234,"actor"
4138,1035,6911,"director"
4139,1036,5796,"director"
4140,1036,6789,"actor"
4141,1036,7770,"actor"
4142,1036,7859,"actor"
4143,1037,2317,"actor"
4144,1037,5188,"director"
4145,1037,7031,"actor"
4146,1037,7214,"actor"
4147,1038,3955,"director"
4148,1038,3989,"actor"
4149,1038,4538,"actor"
4150,1038,5042,"actor"
4151,1039,4369,"actor"
4152,1039,6766,"actor"
4153,1039,7544,"director"
4154,1039,7602,"actor"
4155,1040,1335,"actor"
4156,1040,1670,"actor"
4157,1040,3920,"director"
4158,1040,8222,"actor"
4159,1041,1003,"actor"
4160,1041,1277,"actor"
4161,1041,2691,"actor"
4162,1041,7052,"director"
4163,1042,765,"actor"
4164,1042,2465,"actor"
4165,1042,7409,"actor"
4166,1042,7951,"director"
4167,1043,155,"actor"
4168,1043,6457,"actor"
4169,1043,6729,"actor"
4170,1043,7050,"director"
4171,1044,490,"actor"
4172,1044,2393,"director"
4173,1044,7605,"actor"
4174,1044,8297,"actor"
4175,1045,1053,"actor"
4176,1045,5487,"director"
4177,1045,7492,"actor"
4178,1045,8228,"actor"
4179,1046,40,"actor"
4180,1046,2306,"actor"
4181,1046,2771,"director"
4182,1046,2860,"actor"
4183,1047,4646,"actor"
4184,1047,7323,"actor"
4185,1047,7501,"director"
4186,1047,7992,"actor"
4187,1048,3072,"actor"
4188,1048,4073,"director"
4189,1048,4576,"actor"
4190,1048,6067,"actor"
4191,1049,7082,"actor"
4192,1049,7473,"director"
4193,1049,7970,"actor"
4194,1049,8033,"actor"
4195,1050,238,"actor"
4196,1050,6110,"actor"
4197,1050,6911,"director"
4198,1050,8124,"actor"
4199,1051,953,"actor"
4200,1051,3466,"actor"
4201,1051,7181,"director"
4202,1051,8277,"actor"
4203,1052,463,"actor"
4204,1052,3415,"actor"
4205,1052,8130,"actor"
4206,1052,8130,"director"
4207,1053,2883,"actor"
4208,1053,4589,"actor"
4209,1053,8184,"actor"
4210,1053,8184,"director"
4211,1054,1249,"actor"
4212,1054,2461,"actor"
4213,1054,2999,"director"
4214,1054,4714,"actor"
4215,1055,178,"actor"
4216,1055,2902,"actor"
4217,1055,5438,"actor"
4218,1055,8297,"director"
4219,1056,2529,"actor"
4220,1056,5301,"actor"
4221,1056,6081,"actor"
4222,1056,8179,"director"
4223,1057,217,"director"
4224,1057,4692,"actor"
4225,1057,6521,"actor"
4226,1057,7677,"actor"
4227,1058,362,"actor"
4228,1058,913,"director"
4229,1058,1540,"actor"
4230,1058,5941,"actor"
4231,1059,1844,"director"
4232,1059,3425,"actor"
4233,1059,4532,"actor"
4234,1059,8126,"actor"
4235,1060,229,"actor"
4236,1060,2461,"actor"
4237,1060,5583,"actor"
4238,1060,7799,"director"
4239,1061,206,"director"
4240,1061,1050,"actor"
4241,1061,6953,"actor"
4242,1061,8256,"actor"
4243,1062,135,"director"
4244,1062,296,"actor"
4245,1062,4854,"actor"
4246,1062,6416,"actor"
4247,1063,4038,"actor"
4248,1063,5716,"director"
4249,1063,5777,"actor"
4250,1063,6766,"actor"
4251,1064,2090,"actor"
4252,1064,3458,"actor"
4253,1064,7476,"director"
4254,1064,8209,"actor"
4255,1065,2465,"actor"
4256,1065,3937,"actor"
4257,1065,5778,"director"
4258,1065,7099,"actor"
4259,1066,869,"director"
4260,1066,2122,"actor"
4261,1066,3250,"actor"
4262,1066,7985,"actor"
4263,1067,1038,"actor"
4264,1067,1903,"director"
4265,1067,2461,"actor"
4266,1067,4355,"actor"
4267,1068,764,"director"
4268,1068,6034,"actor"
4269,1068,6282,"actor"
4270,1068,6525,"actor"
4271,1069,1990,"director"
4272,1069,2411,"actor"
4273,1069,2935,"actor"
4274,1069,5815,"actor"
4275,1070,2390,"actor"
4276,1070,2509,"actor"
4277,1070,3928,"actor"
4278,1070,7294,"director"
4279,1071,3283,"actor"
4280,1071,4881,"actor"
4281,1071,7960,"director"
4282,1071,8230,"actor"
4283,1072,427,"director"
4284,1072,463,"actor"
4285,1072,2166,"actor"
4286,1072,3547,"actor"
4287,1073,2318,"actor"
4288,1073,4022,"actor"
4289,1073,5549,"actor"
4290,1073,7717,"director"
4291,1074,783,"director"
4292,1074,947,"actor"
4293,1074,4516,"actor"
4294,1074,5019,"actor"
4295,1075,1467,"actor"
4296,1075,1800,"actor"
4297,1075,2981,"actor"
4298,1075,7647,"director"
4299,1076,2203,"actor"
4300,1076,4050,"actor"
4301,1076,6382,"actor"
4302,1076,7853,"director"
4303,1077,5663,"director"
4304,1077,5724,"actor"
4305,1077,5777,"actor"
4306,1077,6508,"actor"
4307,1078,2025,"actor"
4308,1078,5712,"actor"
4309,1078,6922,"actor"
4310,1078,7404,"director"
4311,1079,2407,"actor"
4312,1079,4439,"actor"
4313,1079,5776,"actor"
4314,1079,7460,"director"
4315,1080,1184,"actor"
4316,1080,1963,"director"
4317,1080,3283,"actor"
4318,1080,7300,"actor"
4319,1081,782,"actor"
4320,1081,2562,"director"
4321,1081,2731,"actor"
4322,1081,2998,"actor"
4323,1082,669,"actor"
4324,1082,3375,"actor"
4325,1082,4535,"director"
4326,1082,6649,"actor"
4327,1083,515,"actor"
4328,1083,3820,"actor"
4329,1083,5299,"actor"
4330,1083,5564,"director"
4331,1084,782,"actor"
4332,1084,1742,"director"
4333,1084,5427,"actor"
4334,1084,5791,"actor"
4335,1085,706,"actor"
4336,1085,765,"actor"
4337,1085,2760,"actor"
4338,1085,4009,"director"
4339,1086,2980,"director"
4340,1086,4765,"actor"
4341,1086,6227,"actor"
4342,1086,6533,"actor"
4343,1087,1645,"actor"
4344,1087,2330,"actor"
4345,1087,7032,"director"
4346,1087,8368,"actor"
4347,1088,1376,"actor"
4348,1088,3539,"director"
4349,1088,5156,"actor"
4350,1088,6387,"actor"
4351,1089,1770,"actor"
4352,1089,3717,"actor"
4353,1089,6579,"actor"
4354,1089,6629,"director"
4355,1090,501,"actor"
4356,1090,938,"actor"
4357,1090,3736,"actor"
4358,1090,5198,"director"
4359,1091,2230,"actor"
4360,1091,3079,"actor"
4361,1091,3600,"actor"
4362,1091,6648,"director"
4363,1092,2052,"actor"
4364,1092,2944,"director"
4365,1092,3458,"actor"
4366,1092,3482,"actor"
4367,1093,2706,"actor"
4368,1093,4257,"actor"
4369,1093,7462,"director"
4370,1093,8256,"actor"
4371,1094,514,"actor"
4372,1094,910,"actor"
4373,1094,3298,"actor"
4374,1094,5248,"director"
4375,1095,6,"actor"
4376,1095,5028,"actor"
4377,1095,6234,"actor"
4378,1095,7490,"director"
4379,1096,1053,"actor"
4380,1096,1150,"actor"
4381,1096,2986,"director"
4382,1096,5709,"actor"
4383,1097,1053,"actor"
4384,1097,1150,"actor"
4385,1097,2986,"director"
4386,1097,5709,"actor"
4387,1098,1258,"actor"
4388,1098,1914,"actor"
4389,1098,5660,"actor"
4390,1098,6899,"director"
4391,1099,3008,"actor"
4392,1099,4256,"actor"
4393,1099,5721,"actor"
4394,1099,7934,"director"
4395,1100,112,"actor"
4396,1100,3170,"actor"
4397,1100,3631,"director"
4398,1100,5394,"actor"
4399,1101,900,"director"
4400,1101,1089,"actor"
4401,1101,3078,"actor"
4402,1101,6382,"actor"
4403,1102,1111,"director"
4404,1102,5470,"actor"
4405,1102,7878,"actor"
4406,1102,8256,"actor"
4407,1103,162,"actor"
4408,1103,2110,"actor"
4409,1103,4418,"actor"
4410,1103,7539,"director"
4411,1104,5769,"actor"
4412,1104,6382,"actor"
4413,1104,6834,"actor"
4414,1104,7904,"director"
4415,1105,1504,"actor"
4416,1105,1773,"director"
4417,1105,5202,"actor"
4418,1105,7414,"actor"
4419,1106,2065,"actor"
4420,1106,2871,"actor"
4421,1106,2925,"director"
4422,1106,7553,"actor"
4423,1107,65,"actor"
4424,1107,5381,"actor"
4425,1107,5699,"director"
4426,1107,6204,"actor"
4427,1108,3922,"director"
4428,1108,5562,"actor"
4429,1108,5837,"actor"
4430,1108,6764,"actor"
4431,1109,2920,"actor"
4432,1109,3907,"director"
4433,1109,5258,"actor"
4434,1109,5317,"actor"
4435,1110,574,"actor"
4436,1110,4980,"actor"
4437,1110,5783,"actor"
4438,1110,7909,"director"
4439,1111,797,"actor"
4440,1111,1544,"actor"
4441,1111,6048,"actor"
4442,1111,8206,"director"
4443,1112,3008,"actor"
4444,1112,3936,"director"
4445,1112,4159,"actor"
4446,1112,5560,"actor"
4447,1113,5317,"actor"
4448,1113,7540,"director"
4449,1113,7885,"actor"
4450,1113,8122,"actor"
4451,1114,3965,"director"
4452,1114,5250,"actor"
4453,1114,7354,"actor"
4454,1114,7915,"actor"
4455,1115,1687,"actor"
4456,1115,3414,"actor"
4457,1115,5216,"director"
4458,1115,6034,"actor"
4459,1116,346,"actor"
4460,1116,494,"actor"
4461,1116,2993,"actor"
4462,1116,3200,"director"
4463,1117,3583,"actor"
4464,1117,4563,"actor"
4465,1117,4671,"director"
4466,1117,7433,"actor"
4467,1118,894,"actor"
4468,1118,5098,"director"
4469,1118,7138,"actor"
4470,1118,7390,"actor"
4471,1119,3549,"actor"
4472,1119,3961,"actor"
4473,1119,4524,"actor"
4474,1119,6314,"director"
4475,1120,3709,"actor"
4476,1120,4504,"actor"
4477,1120,5842,"actor"
4478,1120,7640,"director"
4479,1121,2009,"actor"
4480,1121,3815,"director"
4481,1121,4599,"actor"
4482,1121,6798,"actor"
4483,1122,1329,"director"
4484,1122,2697,"actor"
4485,1122,3170,"actor"
4486,1122,5532,"actor"
4487,1123,971,"director"
4488,1123,3937,"actor"
4489,1123,5702,"actor"
4490,1123,5941,"actor"
4491,1124,1544,"actor"
4492,1124,3480,"actor"
4493,1124,6233,"director"
4494,1124,7202,"actor"
4495,1125,667,"director"
4496,1125,3106,"actor"
4497,1125,3375,"actor"
4498,1125,6291,"actor"
4499,1126,4075,"actor"
4500,1126,4075,"director"
4501,1126,4815,"actor"
4502,1126,5519,"actor"
4503,1127,1322,"director"
4504,1127,3064,"actor"
4505,1127,4219,"actor"
4506,1127,4830,"actor"
4507,1128,2599,"actor"
4508,1128,2712,"director"
4509,1128,7079,"actor"
4510,1128,7202,"actor"
4511,1129,1126,"director"
4512,1129,4193,"actor"
4513,1129,5477,"actor"
4514,1129,5654,"actor"
4515,1130,626,"director"
4516,1130,2303,"actor"
4517,1130,2550,"actor"
4518,1130,6815,"actor"
4519,1131,536,"actor"
4520,1131,885,"actor"
4521,1131,2327,"actor"
4522,1131,4595,"director"
4523,1132,3558,"actor"
4524,1132,3844,"director"
4525,1132,6382,"actor"
4526,1132,7492,"actor"
4527,1133,4515,"actor"
4528,1133,5186,"actor"
4529,1133,5891,"director"
4530,1133,7745,"actor"
4531,1134,6107,"actor"
4532,1134,7765,"director"
4533,1134,7996,"actor"
4534,1134,8036,"actor"
4535,1135,1492,"actor"
4536,1135,4107,"actor"
4537,1135,6804,"director"
4538,1135,7031,"actor"
4539,1136,3676,"actor"
4540,1136,4628,"actor"
4541,1136,6802,"director"
4542,1136,7142,"actor"
4543,1137,471,"actor"
4544,1137,1183,"actor"
4545,1137,1885,"director"
4546,1137,7533,"actor"
4547,1138,1101,"actor"
4548,1138,1663,"director"
4549,1138,2457,"actor"
4550,1138,3618,"actor"
4551,1139,1101,"actor"
4552,1139,1663,"director"
4553,1139,2457,"actor"
4554,1139,3618,"actor"
4555,1140,2398,"actor"
4556,1140,2644,"director"
4557,1140,2706,"actor"
4558,1140,3300,"actor"
4559,1141,496,"actor"
4560,1141,4204,"actor"
4561,1141,4792,"actor"
4562,1141,6502,"director"
4563,1142,514,"actor"
4564,1142,5249,"director"
4565,1142,7561,"actor"
4566,1142,7933,"actor"
4567,1143,2280,"actor"
4568,1143,2731,"actor"
4569,1143,4557,"actor"
4570,1143,6289,"director"
4571,1144,2498,"director"
4572,1144,4538,"actor"
4573,1144,5510,"actor"
4574,1144,7368,"actor"
4575,1145,2200,"actor"
4576,1145,4818,"actor"
4577,1145,5365,"actor"
4578,1145,6652,"director"
4579,1146,4296,"actor"
4580,1146,4830,"actor"
4581,1146,5905,"director"
4582,1146,7786,"actor"
4583,1147,749,"actor"
4584,1147,1441,"actor"
4585,1147,3146,"director"
4586,1147,5767,"actor"
4587,1148,557,"actor"
4588,1148,939,"director"
4589,1148,2244,"actor"
4590,1148,5266,"actor"
4591,1149,1118,"actor"
4592,1149,1510,"actor"
4593,1149,2589,"director"
4594,1149,3867,"actor"
4595,1150,528,"director"
4596,1150,1497,"actor"
4597,1150,5727,"actor"
4598,1150,6152,"actor"
4599,1151,1395,"actor"
4600,1151,1602,"actor"
4601,1151,2306,"actor"
4602,1151,3151,"director"
4603,1152,1053,"actor"
4604,1152,2025,"actor"
4605,1152,2266,"director"
4606,1152,5220,"actor"
4607,1153,1793,"actor"
4608,1153,5730,"actor"
4609,1153,5931,"actor"
4610,1153,7712,"director"
4611,1154,5837,"actor"
4612,1154,5979,"actor"
4613,1154,6321,"actor"
4614,1154,6353,"director"
4615,1155,1672,"director"
4616,1155,1740,"actor"
4617,1155,6042,"actor"
4618,1155,7031,"actor"
4619,1156,52,"actor"
4620,1156,1501,"actor"
4621,1156,2595,"director"
4622,1156,6293,"actor"
4623,1157,3581,"actor"
4624,1157,5258,"actor"
4625,1157,5743,"actor"
4626,1157,6721,"director"
4627,1158,878,"director"
4628,1158,4850,"actor"
4629,1158,6672,"actor"
4630,1158,7121,"actor"
4631,1159,263,"actor"
4632,1159,3399,"director"
4633,1159,4228,"actor"
4634,1159,4926,"actor"
4635,1160,1157,"actor"
4636,1160,3894,"director"
4637,1160,5404,"actor"
4638,1160,7313,"actor"
4639,1161,1371,"actor"
4640,1161,2233,"actor"
4641,1161,3431,"actor"
4642,1161,7849,"director"
4643,1162,1721,"actor"
4644,1162,3549,"actor"
4645,1162,4038,"actor"
4646,1162,6280,"director"
4647,1163,1877,"actor"
4648,1163,2548,"actor"
4649,1163,3370,"actor"
4650,1163,4593,"director"
4651,1164,486,"actor"
4652,1164,6834,"actor"
4653,1164,6918,"actor"
4654,1164,8140,"director"
4655,1165,797,"actor"
4656,1165,3575,"actor"
4657,1165,3971,"director"
4658,1165,6819,"actor"
4659,1166,812,"actor"
4660,1166,814,"actor"
4661,1166,5769,"actor"
4662,1166,6814,"director"
4663,1167,1637,"director"
4664,1167,1800,"actor"
4665,1167,3276,"actor"
4666,1167,4904,"actor"
4667,1168,1800,"actor"
4668,1168,3526,"actor"
4669,1168,5998,"director"
4670,1168,7885,"actor"
4671,1169,435,"actor"
4672,1169,3287,"director"
4673,1169,4565,"actor"
4674,1169,6995,"actor"
4675,1170,401,"actor"
4676,1170,2820,"director"
4677,1170,3020,"actor"
4678,1170,4135,"actor"
4679,1171,1800,"actor"
4680,1171,2670,"actor"
4681,1171,3425,"actor"
4682,1171,6708,"director"
4683,1172,511,"actor"
4684,1172,1315,"actor"
4685,1172,3854,"director"
4686,1172,5941,"actor"
4687,1173,1046,"actor"
4688,1173,1291,"actor"
4689,1173,3250,"actor"
4690,1173,4498,"director"
4691,1174,860,"actor"
4692,1174,6092,"actor"
4693,1174,7254,"actor"
4694,1174,7254,"director"
4695,1175,4243,"actor"
4696,1175,7948,"director"
4697,1175,7967,"actor"
4698,1175,8120,"actor"
4699,1176,3037,"actor"
4700,1176,3866,"actor"
4701,1176,5141,"actor"
4702,1176,5393,"director"
4703,1177,545,"actor"
4704,1177,4538,"actor"
4705,1177,6304,"actor"
4706,1177,7049,"director"
4707,1178,296,"actor"
4708,1178,5842,"actor"
4709,1178,6236,"director"
4710,1178,7259,"actor"
4711,1179,3649,"actor"
4712,1179,5724,"actor"
4713,1179,6033,"director"
4714,1179,6959,"actor"
4715,1180,1274,"actor"
4716,1180,2990,"director"
4717,1180,5762,"actor"
4718,1180,6764,"actor"
4719,1181,146,"director"
4720,1181,2049,"actor"
4721,1181,2356,"actor"
4722,1181,6247,"actor"
4723,1182,427,"director"
4724,1182,638,"actor"
4725,1182,2745,"actor"
4726,1182,6498,"actor"
4727,1183,125,"actor"
4728,1183,2022,"actor"
4729,1183,4904,"actor"
4730,1183,6037,"director"
4731,1184,2472,"actor"
4732,1184,5830,"actor"
4733,1184,7283,"actor"
4734,1184,8196,"director"
4735,1185,3087,"actor"
4736,1185,3558,"actor"
4737,1185,5207,"director"
4738,1185,7401,"actor"
4739,1186,3175,"director"
4740,1186,5727,"actor"
4741,1186,5850,"actor"
4742,1186,7542,"actor"
4743,1187,3510,"director"
4744,1187,5791,"actor"
4745,1187,6819,"actor"
4746,1187,8081,"actor"
4747,1188,849,"director"
4748,1188,2093,"actor"
4749,1188,4372,"actor"
4750,1188,6945,"actor"
4751,1189,859,"actor"
4752,1189,4783,"actor"
4753,1189,4950,"director"
4754,1189,5861,"actor"
4755,1190,5281,"actor"
4756,1190,6073,"actor"
4757,1190,7403,"director"
4758,1190,8282,"actor"
4759,1191,672,"director"
4760,1191,5647,"actor"
4761,1191,7715,"actor"
4762,1191,8125,"actor"
4763,1192,1322,"director"
4764,1192,3974,"actor"
4765,1192,6034,"actor"
4766,1192,6834,"actor"
4767,1193,52,"actor"
4768,1193,2016,"director"
4769,1193,3859,"actor"
4770,1193,7492,"actor"
4771,1194,947,"actor"
4772,1194,2164,"actor"
4773,1194,3119,"director"
4774,1194,7371,"actor"
4775,1195,1800,"actor"
4776,1195,4799,"director"
4777,1195,6307,"actor"
4778,1195,7636,"actor"
4779,1196,29,"actor"
4780,1196,2610,"director"
4781,1196,3403,"actor"
4782,1196,6765,"actor"
4783,1197,260,"actor"
4784,1197,950,"actor"
4785,1197,3550,"actor"
4786,1197,4578,"director"
4787,1198,151,"director"
4788,1198,165,"actor"
4789,1198,1053,"actor"
4790,1198,6059,"actor"
4791,1199,5089,"actor"
4792,1199,5263,"director"
4793,1199,5941,"actor"
4794,1199,7390,"actor"
4795,1200,1707,"actor"
4796,1200,3910,"actor"
4797,1200,4081,"director"
4798,1200,7858,"actor"
4799,1201,1492,"actor"
4800,1201,2230,"actor"
4801,1201,3397,"director"
4802,1201,5842,"actor"
4803,1202,1914,"actor"
4804,1202,3103,"actor"
4805,1202,3113,"director"
4806,1202,4516,"actor"
4807,1203,797,"actor"
4808,1203,2356,"actor"
4809,1203,7806,"director"
4810,1203,8066,"actor"
4811,1204,534,"director"
4812,1204,2311,"actor"
4813,1204,5410,"actor"
4814,1204,5979,"actor"
4815,1205,2406,"actor"
4816,1205,6860,"director"
4817,1205,7115,"actor"
4818,1205,7200,"actor"
4819,1206,4904,"actor"
4820,1206,5597,"actor"
4821,1206,6584,"director"
4822,1206,7016,"actor"
4823,1207,4377,"actor"
4824,1207,4531,"actor"
4825,1207,6840,"director"
4826,1207,7816,"actor"
4827,1208,51,"director"
4828,1208,4850,"actor"
4829,1208,5842,"actor"
4830,1208,7260,"actor"
4831,1209,343,"actor"
4832,1209,935,"actor"
4833,1209,2232,"actor"
4834,1209,5695,"director"
4835,1210,396,"director"
4836,1210,4599,"actor"
4837,1210,6996,"actor"
4838,1210,8222,"actor"
4839,1211,2753,"actor"
4840,1211,3425,"actor"
4841,1211,4537,"director"
4842,1211,5317,"actor"
4843,1212,488,"actor"
4844,1212,1029,"director"
4845,1212,1031,"actor"
4846,1212,1038,"actor"
4847,1213,257,"actor"
4848,1213,1557,"actor"
4849,1213,2615,"actor"
4850,1213,5384,"director"
4851,1214,2419,"director"
4852,1214,5735,"actor"
4853,1214,6960,"actor"
4854,1214,7069,"actor"
4855,1215,3998,"director"
4856,1215,4485,"actor"
4857,1215,5223,"actor"
4858,1215,7453,"actor"
4859,1216,2318,"actor"
4860,1216,4599,"actor"
4861,1216,4601,"actor"
4862,1216,5589,"director"
4863,1217,209,"actor"
4864,1217,947,"actor"
4865,1217,2398,"actor"
4866,1217,3119,"director"
4867,1218,550,"actor"
4868,1218,1653,"director"
4869,1218,3763,"actor"
4870,1218,6057,"actor"
4871,1219,40,"actor"
4872,1219,1501,"actor"
4873,1219,5365,"actor"
4874,1219,6890,"director"
4875,1220,222,"director"
4876,1220,1337,"actor"
4877,1220,5352,"actor"
4878,1220,5760,"actor"
4879,1221,1193,"actor"
4880,1221,5202,"actor"
4881,1221,6315,"director"
4882,1221,8033,"actor"
4883,1222,4034,"director"
4884,1222,4524,"actor"
4885,1222,5388,"actor"
4886,1222,8228,"actor"
4887,1223,1091,"actor"
4888,1223,1836,"director"
4889,1223,3618,"actor"
4890,1223,7118,"actor"
4891,1224,2736,"actor"
4892,1224,3476,"actor"
4893,1224,6139,"actor"
4894,1224,7431,"director"
4895,1225,7418,"director"
4896,1225,7602,"actor"
4897,1225,7870,"actor"
4898,1225,8143,"actor"
4899,1226,3304,"director"
4900,1226,6263,"actor"
4901,1226,6438,"actor"
4902,1226,6976,"actor"
4903,1227,609,"director"
4904,1227,860,"actor"
4905,1227,2275,"actor"
4906,1227,2802,"actor"
4907,1228,910,"actor"
4908,1228,1850,"director"
4909,1228,2470,"actor"
4910,1228,5410,"actor"
4911,1229,1315,"actor"
4912,1229,3854,"director"
4913,1229,6382,"actor"
4914,1229,6764,"actor"
4915,1230,1499,"actor"
4916,1230,1806,"director"
4917,1230,2232,"actor"
4918,1230,5230,"actor"
4919,1231,1134,"actor"
4920,1231,3218,"actor"
4921,1231,4439,"actor"
4922,1231,7052,"director"
4923,1232,149,"actor"
4924,1232,1963,"director"
4925,1232,2376,"actor"
4926,1232,6831,"actor"
4927,1233,2675,"actor"
4928,1233,3057,"actor"
4929,1233,3749,"director"
4930,1233,6660,"actor"
4931,1234,445,"actor"
4932,1234,1492,"actor"
4933,1234,3360,"director"
4934,1234,8066,"actor"
4935,1235,2159,"director"
4936,1235,3505,"actor"
4937,1235,7118,"actor"
4938,1235,7180,"actor"
4939,1236,3074,"actor"
4940,1236,5817,"actor"
4941,1236,7022,"actor"
4942,1236,7622,"director"
4943,1237,290,"actor"
4944,1237,3156,"actor"
4945,1237,3649,"actor"
4946,1237,5199,"director"
4947,1238,664,"actor"
4948,1238,3283,"actor"
4949,1238,5887,"actor"
4950,1238,7518,"director"
4951,1239,1004,"actor"
4952,1239,3580,"actor"
4953,1239,6304,"actor"
4954,1239,8263,"director"
4955,1240,1744,"actor"
4956,1240,4000,"actor"
4957,1240,4273,"director"
4958,1240,7275,"actor"
4959,1241,2280,"actor"
4960,1241,2634,"actor"
4961,1241,6844,"director"
4962,1241,8152,"actor"
4963,1242,100,"actor"
4964,1242,5871,"director"
4965,1242,6204,"actor"
4966,1242,6765,"actor"
4967,1243,4904,"actor"
4968,1243,5604,"director"
4969,1243,5887,"actor"
4970,1243,6059,"actor"
4971,1244,1876,"director"
4972,1244,5352,"actor"
4973,1244,6576,"actor"
4974,1244,6959,"actor"
4975,1245,514,"actor"
4976,1245,3874,"actor"
4977,1245,4061,"director"
4978,1245,5381,"actor"
4979,1246,5202,"actor"
4980,1246,5549,"actor"
4981,1246,6319,"director"
4982,1246,6834,"actor"
4983,1247,1783,"director"
4984,1247,3560,"actor"
4985,1247,4208,"actor"
4986,1247,4237,"actor"
4987,1248,272,"director"
4988,1248,814,"actor"
4989,1248,5223,"actor"
4990,1248,7069,"actor"
4991,1249,2920,"actor"
4992,1249,3445,"director"
4993,1249,6171,"actor"
4994,1249,6335,"actor"
4995,1250,1003,"actor"
4996,1250,6034,"actor"
4997,1250,7513,"director"
4998,1250,8014,"actor"
4999,1251,1583,"director"
5000,1251,6803,"actor"
5001,1251,6922,"actor"
5002,1251,8067,"actor"
5003,1252,1163,"actor"
5004,1252,3996,"director"
5005,1252,5276,"actor"
5006,1252,8063,"actor"
5007,1253,1004,"actor"
5008,1253,3203,"actor"
5009,1253,3566,"director"
5010,1253,8024,"actor"
5011,1254,3750,"actor"
5012,1254,5869,"actor"
5013,1254,6172,"actor"
5014,1254,6230,"director"
5015,1255,2805,"actor"
5016,1255,5338,"actor"
5017,1255,5714,"director"
5018,1255,7874,"actor"
5019,1256,3994,"actor"
5020,1256,4987,"director"
5021,1256,6516,"actor"
5022,1256,6835,"actor"
5023,1257,1073,"actor"
5024,1257,3549,"actor"
5025,1257,4437,"director"
5026,1257,8135,"actor"
5027,1258,2276,"actor"
5028,1258,3726,"actor"
5029,1258,3912,"director"
5030,1258,7126,"actor"
5031,1259,244,"actor"
5032,1259,4737,"director"
5033,1259,5285,"actor"
5034,1259,8394,"actor"
5035,1260,1818,"actor"
5036,1260,2499,"actor"
5037,1260,4151,"actor"
5038,1260,7794,"director"
5039,1261,2132,"director"
5040,1261,5560,"actor"
5041,1261,6535,"actor"
5042,1261,7525,"actor"
5043,1262,2233,"actor"
5044,1262,3425,"actor"
5045,1262,4582,"director"
5046,1262,8209,"actor"
5047,1263,3510,"director"
5048,1263,5284,"actor"
5049,1263,6887,"actor"
5050,1263,7158,"actor"
5051,1264,1471,"actor"
5052,1264,2207,"actor"
5053,1264,4219,"actor"
5054,1264,6862,"director"
5055,1265,2074,"actor"
5056,1265,2691,"actor"
5057,1265,5689,"director"
5058,1265,7475,"actor"
5059,1266,3793,"actor"
5060,1266,4668,"director"
5061,1266,5203,"actor"
5062,1266,7862,"actor"
5063,1267,2788,"actor"
5064,1267,4067,"actor"
5065,1267,5506,"director"
5066,1267,7283,"actor"
5067,1268,784,"actor"
5068,1268,980,"director"
5069,1268,1973,"actor"
5070,1268,8247,"actor"
5071,1269,4920,"actor"
5072,1269,6819,"actor"
5073,1269,6897,"director"
5074,1269,8282,"actor"
5075,1270,445,"actor"
5076,1270,3298,"actor"
5077,1270,4638,"actor"
5078,1270,5698,"director"
5079,1271,782,"actor"
5080,1271,2993,"actor"
5081,1271,4628,"actor"
5082,1271,7602,"director"
5083,1272,531,"director"
5084,1272,1818,"actor"
5085,1272,3586,"actor"
5086,1272,3642,"actor"
5087,1273,430,"director"
5088,1273,3582,"actor"
5089,1273,3656,"actor"
5090,1273,7834,"actor"
5091,1274,1427,"actor"
5092,1274,2686,"director"
5093,1274,3032,"actor"
5094,1274,4219,"actor"
5095,1275,1492,"actor"
5096,1275,4557,"actor"
5097,1275,6234,"actor"
5098,1275,6776,"director"
5099,1276,2203,"actor"
5100,1276,4734,"actor"
5101,1276,5217,"director"
5102,1276,7115,"actor"
5103,1277,1366,"actor"
5104,1277,2039,"actor"
5105,1277,3167,"actor"
5106,1277,4517,"director"
5107,1278,1726,"actor"
5108,1278,6559,"actor"
5109,1278,6690,"actor"
5110,1278,7161,"director"
5111,1279,2398,"actor"
5112,1279,5724,"actor"
5113,1279,7994,"actor"
5114,1279,7994,"director"
5115,1280,76,"actor"
5116,1280,5935,"director"
5117,1280,6161,"actor"
5118,1280,6169,"actor"
5119,1281,2770,"director"
5120,1281,3136,"actor"
5121,1281,4832,"actor"
5122,1281,5830,"actor"
5123,1282,2376,"actor"
5124,1282,5887,"actor"
5125,1282,6417,"actor"
5126,1282,6963,"director"
5127,1283,1879,"director"
5128,1283,3156,"actor"
5129,1283,4375,"actor"
5130,1283,5012,"actor"
5131,1284,1274,"actor"
5132,1284,3586,"actor"
5133,1284,5850,"actor"
5134,1284,6734,"director"
5135,1285,284,"director"
5136,1285,289,"actor"
5137,1285,3910,"actor"
5138,1285,6920,"actor"
5139,1286,3609,"actor"
5140,1286,5702,"actor"
5141,1286,5727,"actor"
5142,1286,7404,"director"
5143,1287,1044,"director"
5144,1287,2276,"actor"
5145,1287,5762,"actor"
5146,1287,8222,"actor"
5147,1288,2583,"director"
5148,1288,3784,"actor"
5149,1288,4849,"actor"
5150,1288,6105,"actor"
5151,1289,1507,"actor"
5152,1289,3972,"director"
5153,1289,7941,"actor"
5154,1289,8155,"actor"
5155,1290,1146,"actor"
5156,1290,2699,"director"
5157,1290,4502,"actor"
5158,1290,8067,"actor"
5159,1291,1258,"actor"
5160,1291,1492,"actor"
5161,1291,4022,"actor"
5162,1291,6495,"director"
5163,1292,1258,"actor"
5164,1292,1492,"actor"
5165,1292,4022,"actor"
5166,1292,6495,"director"
5167,1293,2392,"actor"
5168,1293,4308,"actor"
5169,1293,6291,"actor"
5170,1293,6604,"director"
5171,1294,2989,"actor"
5172,1294,3441,"actor"
5173,1294,5070,"director"
5174,1294,7082,"actor"
5175,1295,1588,"actor"
5176,1295,2569,"actor"
5177,1295,4495,"director"
5178,1295,5284,"actor"
5179,1296,1712,"director"
5180,1296,3024,"actor"
5181,1296,4168,"actor"
5182,1296,5498,"actor"
5183,1297,445,"actor"
5184,1297,2025,"actor"
5185,1297,4766,"actor"
5186,1297,6391,"director"
5187,1298,861,"actor"
5188,1298,1840,"actor"
5189,1298,6007,"actor"
5190,1298,7999,"director"
5191,1299,1078,"actor"
5192,1299,3335,"director"
5193,1299,4561,"actor"
5194,1299,6180,"actor"
5195,1300,220,"actor"
5196,1300,4079,"actor"
5197,1300,7986,"actor"
5198,1300,8038,"director"
5199,1301,3134,"actor"
5200,1301,3310,"actor"
5201,1301,5871,"director"
5202,1301,7474,"actor"
5203,1302,1467,"actor"
5204,1302,1726,"actor"
5205,1302,7362,"director"
5206,1302,7816,"actor"
5207,1303,2596,"director"
5208,1303,3581,"actor"
5209,1303,5549,"actor"
5210,1303,7885,"actor"
5211,1304,3411,"director"
5212,1304,4832,"actor"
5213,1304,4838,"actor"
5214,1304,8148,"actor"
5215,1305,1973,"actor"
5216,1305,2025,"actor"
5217,1305,6005,"director"
5218,1305,8135,"actor"
5219,1306,125,"actor"
5220,1306,1970,"actor"
5221,1306,5563,"director"
5222,1306,6707,"actor"
5223,1307,901,"director"
5224,1307,2998,"actor"
5225,1307,5026,"actor"
5226,1307,8122,"actor"
5227,1308,4800,"actor"
5228,1308,6303,"actor"
5229,1308,7539,"director"
5230,1308,8262,"actor"
5231,1309,4229,"actor"
5232,1309,4436,"actor"
5233,1309,5682,"director"
5234,1309,7016,"actor"
5235,1310,2861,"actor"
5236,1310,4405,"actor"
5237,1310,4666,"director"
5238,1310,5118,"actor"
5239,1311,1822,"actor"
5240,1311,4964,"director"
5241,1311,6185,"actor"
5242,1311,6446,"actor"
5243,1312,162,"actor"
5244,1312,162,"director"
5245,1312,919,"actor"
5246,1312,3558,"actor"
5247,1313,2604,"actor"
5248,1313,4022,"actor"
5249,1313,4774,"actor"
5250,1313,6879,"director"
5251,1314,630,"actor"
5252,1314,2756,"actor"
5253,1314,6788,"director"
5254,1314,8255,"actor"
5255,1315,1117,"actor"
5256,1315,6031,"actor"
5257,1315,7059,"director"
5258,1315,8053,"actor"
5259,1316,2236,"actor"
5260,1316,3466,"actor"
5261,1316,4391,"director"
5262,1316,6452,"actor"
5263,1317,1053,"actor"
5264,1317,2956,"actor"
5265,1317,5027,"director"
5266,1317,6048,"actor"
5267,1318,1053,"actor"
5268,1318,6714,"actor"
5269,1318,6739,"director"
5270,1318,7798,"actor"
5271,1319,1888,"director"
5272,1319,2490,"actor"
5273,1319,6635,"actor"
5274,1319,7371,"actor"
5275,1320,519,"director"
5276,1320,3227,"actor"
5277,1320,5317,"actor"
5278,1320,6382,"actor"
5279,1321,914,"actor"
5280,1321,1582,"actor"
5281,1321,2920,"actor"
5282,1321,4129,"director"
5283,1322,2009,"actor"
5284,1322,2514,"actor"
5285,1322,3972,"director"
5286,1322,5202,"actor"
5287,1323,4372,"actor"
5288,1323,4599,"actor"
5289,1323,7157,"actor"
5290,1323,7382,"director"
5291,1324,2468,"actor"
5292,1324,5165,"actor"
5293,1324,5396,"actor"
5294,1324,6837,"director"
5295,1325,6059,"actor"
5296,1325,6670,"actor"
5297,1325,6680,"director"
5298,1325,7636,"actor"
5299,1326,1526,"actor"
5300,1326,2045,"actor"
5301,1326,5139,"actor"
5302,1326,5486,"director"
5303,1327,1904,"director"
5304,1327,3403,"actor"
5305,1327,4208,"actor"
5306,1327,5795,"actor"
5307,1328,1657,"director"
5308,1328,1918,"actor"
5309,1328,5369,"actor"
5310,1328,6034,"actor"
5311,1329,2052,"actor"
5312,1329,3736,"actor"
5313,1329,4801,"actor"
5314,1329,5690,"director"
5315,1330,3955,"director"
5316,1330,3989,"actor"
5317,1330,7885,"actor"
5318,1330,8192,"actor"
5319,1331,1574,"actor"
5320,1331,1921,"director"
5321,1331,2026,"actor"
5322,1331,2129,"actor"
5323,1332,2723,"director"
5324,1332,3431,"actor"
5325,1332,4577,"actor"
5326,1332,4917,"actor"
5327,1333,4041,"actor"
5328,1333,5591,"director"
5329,1333,7132,"actor"
5330,1333,8258,"actor"
5331,1334,1726,"actor"
5332,1334,5480,"director"
5333,1334,5548,"actor"
5334,1334,8301,"actor"
5335,1335,993,"director"
5336,1335,5221,"actor"
5337,1335,6234,"actor"
5338,1335,6891,"actor"
5339,1336,638,"actor"
5340,1336,671,"director"
5341,1336,7031,"actor"
5342,1336,8230,"actor"
5343,1337,1354,"director"
5344,1337,1934,"actor"
5345,1337,4263,"actor"
5346,1337,7016,"actor"
5347,1338,2398,"actor"
5348,1338,3166,"actor"
5349,1338,3738,"actor"
5350,1338,4519,"director"
5351,1339,764,"director"
5352,1339,2311,"actor"
5353,1339,7492,"actor"
5354,1339,8120,"actor"
5355,1340,2089,"director"
5356,1340,2506,"actor"
5357,1340,5680,"actor"
5358,1340,5751,"actor"
5359,1341,1263,"actor"
5360,1341,2973,"director"
5361,1341,7104,"actor"
5362,1341,7430,"actor"
5363,1342,809,"director"
5364,1342,3059,"actor"
5365,1342,5317,"actor"
5366,1342,7055,"actor"
5367,1343,1096,"director"
5368,1343,5485,"actor"
5369,1343,6382,"actor"
5370,1343,8394,"actor"
5371,1344,1371,"actor"
5372,1344,4280,"actor"
5373,1344,5278,"director"
5374,1344,7067,"actor"
5375,1345,70,"actor"
5376,1345,176,"director"
5377,1345,2878,"actor"
5378,1345,4118,"actor"
5379,1346,471,"actor"
5380,1346,667,"director"
5381,1346,977,"actor"
5382,1346,6247,"actor"
5383,1347,734,"actor"
5384,1347,6949,"actor"
5385,1347,7207,"actor"
5386,1347,7424,"director"
5387,1348,2278,"actor"
5388,1348,3218,"actor"
5389,1348,3782,"director"
5390,1348,7057,"actor"
5391,1349,2830,"actor"
5392,1349,3276,"actor"
5393,1349,5597,"actor"
5394,1349,7404,"director"
5395,1350,4008,"actor"
5396,1350,5497,"actor"
5397,1350,6672,"actor"
5398,1350,6855,"director"
5399,1351,947,"actor"
5400,1351,975,"actor"
5401,1351,2571,"actor"
5402,1351,2990,"director"
5403,1352,1184,"actor"
5404,1352,1415,"director"
5405,1352,3974,"actor"
5406,1352,5570,"actor"
5407,1353,1201,"actor"
5408,1353,5887,"actor"
5409,1353,6477,"director"
5410,1353,7772,"actor"
5411,1354,2701,"actor"
5412,1354,3400,"actor"
5413,1354,4247,"actor"
5414,1354,7454,"director"
5415,1355,433,"actor"
5416,1355,1446,"director"
5417,1355,3771,"actor"
5418,1355,6953,"actor"
5419,1356,720,"director"
5420,1356,3064,"actor"
5421,1356,5887,"actor"
5422,1356,8122,"actor"
5423,1357,2425,"actor"
5424,1357,3803,"director"
5425,1357,4566,"actor"
5426,1357,4640,"actor"
5427,1358,296,"actor"
5428,1358,299,"actor"
5429,1358,6776,"director"
5430,1358,8005,"actor"
5431,1359,1466,"actor"
5432,1359,4599,"actor"
5433,1359,4866,"actor"
5434,1359,6359,"director"
5435,1360,3383,"actor"
5436,1360,6059,"actor"
5437,1360,7627,"director"
5438,1360,7668,"actor"
5439,1361,5930,"actor"
5440,1361,6221,"actor"
5441,1361,6822,"director"
5442,1361,7885,"actor"
5443,1362,263,"actor"
5444,1362,4011,"director"
5445,1362,4528,"actor"
5446,1362,5438,"actor"
5447,1363,306,"actor"
5448,1363,2464,"actor"
5449,1363,5905,"director"
5450,1363,7579,"actor"
5451,1364,797,"actor"
5452,1364,4435,"actor"
5453,1364,4904,"actor"
5454,1364,5408,"director"
5455,1365,3157,"actor"
5456,1365,4220,"actor"
5457,1365,5731,"actor"
5458,1365,6325,"director"
5459,1366,3118,"actor"
5460,1366,4700,"director"
5461,1366,4774,"actor"
5462,1366,4806,"actor"
5463,1367,1361,"actor"
5464,1367,5011,"actor"
5465,1367,5655,"director"
5466,1367,5706,"actor"
5467,1368,39,"actor"
5468,1368,1895,"director"
5469,1368,3205,"actor"
5470,1368,8024,"actor"
5471,1369,430,"director"
5472,1369,1284,"actor"
5473,1369,6257,"actor"
5474,1369,7346,"actor"
5475,1370,828,"actor"
5476,1370,1174,"actor"
5477,1370,4698,"director"
5478,1370,8033,"actor"
5479,1371,1532,"actor"
5480,1371,4677,"actor"
5481,1371,5077,"director"
5482,1371,5764,"actor"
5483,1372,108,"actor"
5484,1372,857,"director"
5485,1372,1739,"actor"
5486,1372,5082,"actor"
5487,1373,244,"actor"
5488,1373,1627,"actor"
5489,1373,1995,"actor"
5490,1373,2404,"director"
5491,1374,4612,"director"
5492,1374,4717,"actor"
5493,1374,6922,"actor"
5494,1374,7283,"actor"
5495,1375,1747,"actor"
5496,1375,2798,"actor"
5497,1375,3657,"actor"
5498,1375,6153,"director"
5499,1376,3404,"actor"
5500,1376,5922,"director"
5501,1376,7968,"actor"
5502,1376,8222,"actor"
5503,1377,1746,"director"
5504,1377,3613,"actor"
5505,1377,5231,"actor"
5506,1377,5283,"actor"
5507,1378,1048,"director"
5508,1378,3106,"actor"
5509,1378,4912,"actor"
5510,1378,5147,"actor"
5511,1379,165,"actor"
5512,1379,1542,"actor"
5513,1379,4219,"actor"
5514,1379,7539,"director"
5515,1380,150,"actor"
5516,1380,5095,"director"
5517,1380,5419,"actor"
5518,1380,6468,"actor"
5519,1381,946,"actor"
5520,1381,1716,"actor"
5521,1381,3394,"director"
5522,1381,4487,"actor"
5523,1382,2499,"actor"
5524,1382,2939,"director"
5525,1382,5579,"actor"
5526,1382,6722,"actor"
5527,1383,3512,"actor"
5528,1383,4322,"actor"
5529,1383,4548,"director"
5530,1383,5083,"actor"
5531,1384,362,"actor"
5532,1384,2022,"actor"
5533,1384,2910,"director"
5534,1384,5979,"actor"
5535,1385,1646,"actor"
5536,1385,1858,"director"
5537,1385,2241,"actor"
5538,1385,6223,"actor"
5539,1386,4721,"actor"
5540,1386,5731,"actor"
5541,1386,7464,"director"
5542,1386,7605,"actor"
5543,1387,1544,"actor"
5544,1387,2090,"actor"
5545,1387,6035,"actor"
5546,1387,6697,"director"
5547,1388,445,"actor"
5548,1388,2100,"director"
5549,1388,5941,"actor"
5550,1388,6766,"actor"
5551,1389,1953,"director"
5552,1389,5986,"actor"
5553,1389,6007,"actor"
5554,1389,7268,"actor"
5555,1390,553,"actor"
5556,1390,2023,"actor"
5557,1390,2899,"director"
5558,1390,6467,"actor"
5559,1391,2384,"director"
5560,1391,4832,"actor"
5561,1391,5743,"actor"
5562,1391,6034,"actor"
5563,1392,30,"actor"
5564,1392,1204,"actor"
5565,1392,2061,"director"
5566,1392,3681,"actor"
5567,1393,1038,"actor"
5568,1393,1337,"actor"
5569,1393,2276,"actor"
5570,1393,5208,"director"
5571,1394,2171,"actor"
5572,1394,4838,"actor"
5573,1394,4881,"actor"
5574,1394,7456,"director"
5575,1395,37,"actor"
5576,1395,69,"actor"
5577,1395,1420,"actor"
5578,1395,2160,"director"
5579,1396,2898,"actor"
5580,1396,3861,"actor"
5581,1396,4565,"actor"
5582,1396,6232,"director"
5583,1397,1501,"actor"
5584,1397,5762,"actor"
5585,1397,6890,"director"
5586,1397,7613,"actor"
5587,1398,877,"actor"
5588,1398,4322,"actor"
5589,1398,4634,"director"
5590,1398,7246,"actor"
5591,1399,2480,"actor"
5592,1399,3111,"director"
5593,1399,4830,"actor"
5594,1399,8136,"actor"
5595,1400,385,"director"
5596,1400,3954,"actor"
5597,1400,5850,"actor"
5598,1400,7553,"actor"
5599,1401,490,"actor"
5600,1401,2265,"director"
5601,1401,4884,"actor"
5602,1401,5714,"actor"
5603,1402,2550,"actor"
5604,1402,2925,"director"
5605,1402,5447,"actor"
5606,1402,5727,"actor"
5607,1403,52,"actor"
5608,1403,4050,"actor"
5609,1403,5570,"actor"
5610,1403,7528,"director"
5611,1404,336,"director"
5612,1404,421,"actor"
5613,1404,6790,"actor"
5614,1404,8369,"actor"
5615,1405,698,"actor"
5616,1405,850,"actor"
5617,1405,3435,"director"
5618,1405,6376,"actor"
5619,1406,244,"actor"
5620,1406,2836,"director"
5621,1406,6059,"actor"
5622,1406,7082,"actor"
5623,1407,5576,"actor"
5624,1407,5597,"actor"
5625,1407,5998,"director"
5626,1407,6667,"actor"
5627,1408,1275,"actor"
5628,1408,4123,"director"
5629,1408,5011,"actor"
5630,1408,6752,"actor"
5631,1409,878,"director"
5632,1409,6735,"actor"
5633,1409,6769,"actor"
5634,1409,7940,"actor"
5635,1410,843,"actor"
5636,1410,3510,"director"
5637,1410,6764,"actor"
5638,1410,7710,"actor"
5639,1411,1091,"actor"
5640,1411,1430,"director"
5641,1411,4120,"actor"
5642,1411,7758,"actor"
5643,1412,1258,"actor"
5644,1412,2785,"director"
5645,1412,5597,"actor"
5646,1412,6764,"actor"
5647,1413,1622,"actor"
5648,1413,1811,"actor"
5649,1413,4042,"director"
5650,1413,7409,"actor"
5651,1414,797,"actor"
5652,1414,851,"actor"
5653,1414,2116,"director"
5654,1414,5551,"actor"
5655,1415,1105,"actor"
5656,1415,2132,"director"
5657,1415,3023,"actor"
5658,1415,8204,"actor"
5659,1416,971,"director"
5660,1416,1544,"actor"
5661,1416,2110,"actor"
5662,1416,4564,"actor"
5663,1417,2166,"actor"
5664,1417,4015,"director"
5665,1417,6664,"actor"
5666,1417,7870,"actor"
5667,1418,1501,"actor"
5668,1418,1516,"actor"
5669,1418,2617,"actor"
5670,1418,3511,"director"
5671,1419,4014,"actor"
5672,1419,5680,"actor"
5673,1419,6874,"actor"
5674,1419,7495,"director"
5675,1420,2500,"director"
5676,1420,2718,"actor"
5677,1420,4813,"actor"
5678,1420,6599,"actor"
5679,1421,4373,"actor"
5680,1421,5777,"actor"
5681,1421,5872,"director"
5682,1421,6428,"actor"
5683,1422,1326,"actor"
5684,1422,3428,"actor"
5685,1422,4692,"actor"
5686,1422,6343,"director"
5687,1423,1726,"actor"
5688,1423,3079,"actor"
5689,1423,3844,"director"
5690,1423,7780,"actor"
5691,1424,2052,"actor"
5692,1424,4249,"director"
5693,1424,4872,"actor"
5694,1424,7069,"actor"
5695,1425,451,"actor"
5696,1425,2956,"actor"
5697,1425,4538,"actor"
5698,1425,5716,"director"
5699,1426,1517,"actor"
5700,1426,1939,"director"
5701,1426,6468,"actor"
5702,1426,8122,"actor"
5703,1427,2418,"actor"
5704,1427,4635,"director"
5705,1427,4887,"actor"
5706,1427,8087,"actor"
5707,1428,342,"actor"
5708,1428,1065,"actor"
5709,1428,2219,"director"
5710,1428,3937,"actor"
5711,1429,294,"actor"
5712,1429,5554,"actor"
5713,1429,6097,"actor"
5714,1429,7674,"director"
5715,1430,754,"actor"
5716,1430,4370,"actor"
5717,1430,4714,"actor"
5718,1430,6781,"director"
5719,1431,319,"actor"
5720,1431,4352,"actor"
5721,1431,6380,"director"
5722,1431,7468,"actor"
5723,1432,993,"director"
5724,1432,2317,"actor"
5725,1432,5258,"actor"
5726,1432,6034,"actor"
5727,1433,538,"director"
5728,1433,862,"actor"
5729,1433,7905,"actor"
5730,1433,8044,"actor"
5731,1434,1258,"actor"
5732,1434,1467,"actor"
5733,1434,3337,"actor"
5734,1434,3922,"director"
5735,1435,847,"director"
5736,1435,2025,"actor"
5737,1435,2465,"actor"
5738,1435,6988,"actor"
5739,1436,1773,"director"
5740,1436,2320,"actor"
5741,1436,4960,"actor"
5742,1436,5202,"actor"
5743,1437,890,"actor"
5744,1437,890,"director"
5745,1437,3735,"actor"
5746,1437,5724,"actor"
5747,1438,2465,"actor"
5748,1438,6248,"actor"
5749,1438,6452,"actor"
5750,1438,7852,"director"
5751,1439,7,"actor"
5752,1439,417,"director"
5753,1439,1997,"actor"
5754,1439,3717,"actor"
5755,1440,1162,"actor"
5756,1440,1968,"actor"
5757,1440,2306,"actor"
5758,1440,7550,"director"
5759,1441,4444,"actor"
5760,1441,5812,"actor"
5761,1441,6859,"actor"
5762,1441,8208,"director"
5763,1442,1800,"actor"
5764,1442,7121,"actor"
5765,1442,7147,"director"
5766,1442,7310,"actor"
5767,1443,305,"actor"
5768,1443,3336,"actor"
5769,1443,4076,"director"
5770,1443,6536,"actor"
5771,1444,1183,"actor"
5772,1444,2210,"director"
5773,1444,2233,"actor"
5774,1444,8033,"actor"
5775,1445,1371,"actor"
5776,1445,1726,"actor"
5777,1445,4002,"director"
5778,1445,8067,"actor"
5779,1446,3451,"actor"
5780,1446,4346,"actor"
5781,1446,7872,"director"
5782,1446,8301,"actor"
5783,1447,4050,"actor"
5784,1447,5597,"actor"
5785,1447,8297,"actor"
5786,1447,8297,"director"
5787,1448,910,"actor"
5788,1448,2944,"director"
5789,1448,3458,"actor"
5790,1448,3482,"actor"
5791,1449,910,"actor"
5792,1449,2944,"director"
5793,1449,3458,"actor"
5794,1449,3482,"actor"
5795,1450,1326,"actor"
5796,1450,1338,"director"
5797,1450,3525,"actor"
5798,1450,5223,"actor"
5799,1451,100,"actor"
5800,1451,1913,"actor"
5801,1451,3416,"actor"
5802,1451,5057,"director"
5803,1452,1500,"actor"
5804,1452,1500,"director"
5805,1452,1575,"actor"
5806,1452,8247,"actor"
5807,1453,6769,"actor"
5808,1453,8062,"actor"
5809,1453,8172,"director"
5810,1453,8285,"actor"
5811,1454,15,"actor"
5812,1454,689,"actor"
5813,1454,2716,"director"
5814,1454,6895,"actor"
5815,1455,5597,"actor"
5816,1455,6766,"actor"
5817,1455,6865,"director"
5818,1455,7948,"actor"
5819,1456,2043,"director"
5820,1456,3425,"actor"
5821,1456,4097,"actor"
5822,1456,6764,"actor"
5823,1457,489,"actor"
5824,1457,1157,"actor"
5825,1457,1379,"director"
5826,1457,5491,"actor"
5827,1458,1741,"director"
5828,1458,4792,"actor"
5829,1458,6356,"actor"
5830,1458,8149,"actor"
5831,1459,2892,"director"
5832,1459,4280,"actor"
5833,1459,5284,"actor"
5834,1459,5887,"actor"
5835,1460,2203,"actor"
5836,1460,3298,"actor"
5837,1460,3340,"actor"
5838,1460,7661,"director"
5839,1461,2525,"actor"
5840,1461,3279,"director"
5841,1461,5755,"actor"
5842,1461,5819,"actor"
5843,1462,5623,"director"
5844,1462,5712,"actor"
5845,1462,7118,"actor"
5846,1462,7324,"actor"
5847,1463,5623,"director"
5848,1463,5712,"actor"
5849,1463,7118,"actor"
5850,1463,7324,"actor"
5851,1464,2706,"actor"
5852,1464,3558,"actor"
5853,1464,6840,"director"
5854,1464,8268,"actor"
5855,1465,1670,"actor"
5856,1465,4660,"actor"
5857,1465,5517,"director"
5858,1465,7238,"actor"
5859,1466,2214,"actor"
5860,1466,3917,"actor"
5861,1466,5191,"director"
5862,1466,8202,"actor"
5863,1467,317,"actor"
5864,1467,960,"director"
5865,1467,2110,"actor"
5866,1467,5941,"actor"
5867,1468,989,"director"
5868,1468,1758,"actor"
5869,1468,5181,"actor"
5870,1468,7677,"actor"
5871,1469,517,"actor"
5872,1469,2309,"actor"
5873,1469,2416,"actor"
5874,1469,7703,"director"
5875,1470,4,"actor"
5876,1470,5282,"director"
5877,1470,5372,"actor"
5878,1470,7583,"actor"
5879,1471,1053,"actor"
5880,1471,1726,"actor"
5881,1471,4061,"director"
5882,1471,4849,"actor"
5883,1472,4014,"actor"
5884,1472,6567,"director"
5885,1472,7802,"actor"
5886,1472,8222,"actor"
5887,1473,1258,"actor"
5888,1473,5317,"actor"
5889,1473,6802,"director"
5890,1473,8230,"actor"
5891,1474,255,"actor"
5892,1474,3738,"actor"
5893,1474,6632,"actor"
5894,1474,8034,"director"
5895,1475,3156,"actor"
5896,1475,3997,"director"
5897,1475,5220,"actor"
5898,1475,6959,"actor"
5899,1476,749,"actor"
5900,1476,1201,"actor"
5901,1476,7404,"director"
5902,1476,7505,"actor"
5903,1477,31,"actor"
5904,1477,3020,"actor"
5905,1477,6871,"director"
5906,1477,7915,"actor"
5907,1478,859,"actor"
5908,1478,4308,"actor"
5909,1478,5276,"actor"
5910,1478,8291,"director"
5911,1479,2506,"actor"
5912,1479,3091,"director"
5913,1479,4038,"actor"
5914,1479,4405,"actor"
5915,1480,774,"director"
5916,1480,2332,"actor"
5917,1480,2615,"actor"
5918,1480,6930,"actor"
5919,1481,4804,"actor"
5920,1481,6234,"actor"
5921,1481,6725,"director"
5922,1481,8268,"actor"
5923,1482,1592,"director"
5924,1482,3343,"actor"
5925,1482,3403,"actor"
5926,1482,4208,"actor"
5927,1483,3917,"actor"
5928,1483,4252,"director"
5929,1483,4353,"actor"
5930,1483,4461,"actor"
5931,1484,1327,"actor"
5932,1484,3809,"director"
5933,1484,4148,"actor"
5934,1484,4405,"actor"
5935,1485,1426,"director"
5936,1485,2205,"actor"
5937,1485,4626,"actor"
5938,1485,5936,"actor"
5939,1486,1053,"actor"
5940,1486,4085,"director"
5941,1486,5369,"actor"
5942,1486,5841,"actor"
5943,1487,1692,"actor"
5944,1487,2359,"actor"
5945,1487,6127,"director"
5946,1487,8345,"actor"
5947,1488,1258,"actor"
5948,1488,2320,"actor"
5949,1488,2514,"actor"
5950,1488,3342,"director"
5951,1489,571,"actor"
5952,1489,1180,"director"
5953,1489,2271,"actor"
5954,1489,4804,"actor"
5955,1490,1038,"actor"
5956,1490,1051,"actor"
5957,1490,4040,"actor"
5958,1490,6857,"director"
5959,1491,1013,"director"
5960,1491,1540,"actor"
5961,1491,5086,"actor"
5962,1491,6303,"actor"
5963,1492,2108,"director"
5964,1492,3425,"actor"
5965,1492,5317,"actor"
5966,1492,5850,"actor"
5967,1493,3266,"actor"
5968,1493,3356,"actor"
5969,1493,5583,"actor"
5970,1493,7539,"director"
5971,1494,1875,"actor"
5972,1494,4089,"director"
5973,1494,5365,"actor"
5974,1494,7755,"actor"
5975,1495,1053,"actor"
5976,1495,5027,"director"
5977,1495,5553,"actor"
5978,1495,6835,"actor"
5979,1496,3222,"actor"
5980,1496,3860,"actor"
5981,1496,3980,"director"
5982,1496,4926,"actor"
5983,1497,1667,"actor"
5984,1497,4058,"director"
5985,1497,4154,"actor"
5986,1497,5327,"actor"
5987,1498,709,"actor"
5988,1498,5249,"director"
5989,1498,5907,"actor"
5990,1498,7157,"actor"
5991,1499,317,"actor"
5992,1499,2993,"actor"
5993,1499,5730,"actor"
5994,1499,6822,"director"
5995,1500,2687,"actor"
5996,1500,4208,"actor"
5997,1500,4855,"actor"
5998,1500,5699,"director"
5999,1501,4208,"actor"
6000,1501,4884,"actor"
6001,1501,4926,"actor"
6002,1501,5811,"director"
6003,1502,1921,"director"
6004,1502,3338,"actor"
6005,1502,3798,"actor"
6006,1502,5231,"actor"
6007,1503,3337,"actor"
6008,1503,5348,"director"
6009,1503,5830,"actor"
6010,1503,7553,"actor"
6011,1504,998,"actor"
6012,1504,1089,"actor"
6013,1504,1866,"actor"
6014,1504,6326,"director"
6015,1505,2539,"director"
6016,1505,2989,"actor"
6017,1505,3908,"actor"
6018,1505,5194,"actor"
6019,1506,1611,"director"
6020,1506,6671,"actor"
6021,1506,6707,"actor"
6022,1506,6765,"actor"
6023,1507,1032,"actor"
6024,1507,1062,"director"
6025,1507,3112,"actor"
6026,1507,8021,"actor"
6027,1508,2670,"actor"
6028,1508,4473,"director"
6029,1508,5352,"actor"
6030,1508,6914,"actor"
6031,1509,1258,"actor"
6032,1509,3940,"director"
6033,1509,4445,"actor"
6034,1509,6764,"actor"
6035,1510,885,"actor"
6036,1510,2002,"director"
6037,1510,3147,"actor"
6038,1510,4050,"actor"
6039,1511,40,"actor"
6040,1511,621,"actor"
6041,1511,4197,"actor"
6042,1511,6890,"director"
6043,1512,739,"actor"
6044,1512,980,"director"
6045,1512,3020,"actor"
6046,1512,6953,"actor"
6047,1513,2956,"actor"
6048,1513,4539,"actor"
6049,1513,7540,"director"
6050,1513,8256,"actor"
6051,1514,3276,"actor"
6052,1514,3831,"actor"
6053,1514,5563,"director"
6054,1514,8230,"actor"
6055,1515,1474,"director"
6056,1515,2254,"actor"
6057,1515,6923,"actor"
6058,1515,7090,"actor"
6059,1516,2233,"actor"
6060,1516,2263,"actor"
6061,1516,7424,"director"
6062,1516,8033,"actor"
6063,1517,812,"actor"
6064,1517,4755,"director"
6065,1517,5769,"actor"
6066,1517,5777,"actor"
6067,1518,3186,"actor"
6068,1518,3303,"actor"
6069,1518,3543,"director"
6070,1518,5304,"actor"
6071,1519,3836,"director"
6072,1519,4219,"actor"
6073,1519,4691,"actor"
6074,1519,6476,"actor"
6075,1520,459,"actor"
6076,1520,6412,"director"
6077,1520,6430,"actor"
6078,1520,6720,"actor"
6079,1521,2917,"actor"
6080,1521,2992,"actor"
6081,1521,4799,"director"
6082,1521,6909,"actor"
6083,1522,296,"actor"
6084,1522,3211,"director"
6085,1522,5842,"actor"
6086,1522,7259,"actor"
6087,1523,4315,"actor"
6088,1523,4987,"director"
6089,1523,7326,"actor"
6090,1523,7389,"actor"
6091,1524,5861,"actor"
6092,1524,6314,"director"
6093,1524,6663,"actor"
6094,1524,8020,"actor"
6095,1525,1602,"actor"
6096,1525,2714,"director"
6097,1525,3761,"actor"
6098,1525,4790,"actor"
6099,1526,6099,"director"
6100,1527,446,"actor"
6101,1527,4002,"director"
6102,1527,5751,"actor"
6103,1527,7379,"actor"
6104,1528,633,"actor"
6105,1528,667,"director"
6106,1528,977,"actor"
6107,1528,1053,"actor"
6108,1529,1875,"actor"
6109,1529,3793,"actor"
6110,1529,3977,"director"
6111,1529,7042,"actor"
6112,1530,698,"actor"
6113,1530,3719,"director"
6114,1530,5195,"actor"
6115,1530,5304,"actor"
6116,1531,2493,"actor"
6117,1531,3166,"actor"
6118,1531,6697,"director"
6119,1531,7055,"actor"
6120,1532,2820,"director"
6121,1532,5239,"actor"
6122,1532,7915,"actor"
6123,1532,8137,"actor"
6124,1533,2465,"actor"
6125,1533,4022,"actor"
6126,1533,4109,"actor"
6127,1533,7685,"director"
6128,1534,1522,"actor"
6129,1534,3736,"actor"
6130,1534,7270,"director"
6131,1534,7324,"actor"
6132,1535,2600,"actor"
6133,1535,6630,"director"
6134,1535,6686,"actor"
6135,1535,8217,"actor"
6136,1536,835,"director"
6137,1536,2743,"actor"
6138,1536,3286,"actor"
6139,1536,5234,"actor"
6140,1537,1964,"actor"
6141,1537,2907,"director"
6142,1537,4783,"actor"
6143,1537,7157,"actor"
6144,1538,911,"actor"
6145,1538,4424,"actor"
6146,1538,4685,"director"
6147,1538,5931,"actor"
6148,1539,1371,"actor"
6149,1539,3173,"actor"
6150,1539,3965,"director"
6151,1539,5659,"actor"
6152,1540,1135,"actor"
6153,1540,2311,"actor"
6154,1540,4735,"director"
6155,1540,5735,"actor"
6156,1541,6280,"actor"
6157,1541,6738,"director"
6158,1541,8135,"actor"
6159,1541,8143,"actor"
6160,1542,3501,"actor"
6161,1542,4006,"director"
6162,1542,4599,"actor"
6163,1542,6874,"actor"
6164,1543,3638,"actor"
6165,1543,4857,"actor"
6166,1543,6207,"actor"
6167,1543,7363,"director"
6168,1544,3497,"actor"
6169,1544,3555,"actor"
6170,1544,7410,"director"
6171,1544,7932,"actor"
6172,1545,2986,"director"
6173,1545,5336,"actor"
6174,1545,7492,"actor"
6175,1545,7710,"actor"
6176,1546,1552,"actor"
6177,1546,2698,"director"
6178,1546,3609,"actor"
6179,1546,6034,"actor"
6180,1547,3286,"actor"
6181,1547,3331,"actor"
6182,1547,5285,"actor"
6183,1547,6646,"director"
6184,1548,1716,"actor"
6185,1548,2232,"actor"
6186,1548,2677,"actor"
6187,1548,2761,"director"
6188,1549,1581,"actor"
6189,1549,4641,"director"
6190,1549,4768,"actor"
6191,1549,8390,"actor"
6192,1550,1274,"actor"
6193,1550,1361,"director"
6194,1550,5181,"actor"
6195,1550,8180,"actor"
6196,1551,3586,"actor"
6197,1551,4531,"actor"
6198,1551,6525,"actor"
6199,1551,7495,"director"
6200,1552,1603,"actor"
6201,1552,2456,"actor"
6202,1552,6584,"director"
6203,1552,7605,"actor"
6204,1553,4119,"actor"
6205,1553,6266,"actor"
6206,1553,6357,"director"
6207,1553,7595,"actor"
6208,1554,860,"actor"
6209,1554,1494,"actor"
6210,1554,2664,"actor"
6211,1554,3532,"director"
6212,1555,417,"director"
6213,1555,784,"actor"
6214,1555,1046,"actor"
6215,1555,5548,"actor"
6216,1556,3073,"director"
6217,1556,3524,"actor"
6218,1556,5721,"actor"
6219,1556,7492,"actor"
6220,1557,4261,"actor"
6221,1557,5410,"actor"
6222,1557,6178,"actor"
6223,1557,6911,"director"
6224,1558,800,"director"
6225,1558,5336,"actor"
6226,1558,5365,"actor"
6227,1558,6420,"actor"
6228,1559,2236,"actor"
6229,1559,2981,"actor"
6230,1559,6707,"actor"
6231,1559,7882,"director"
6232,1560,166,"director"
6233,1560,3139,"actor"
6234,1560,3458,"actor"
6235,1560,4022,"actor"
6236,1561,166,"director"
6237,1561,3139,"actor"
6238,1561,3458,"actor"
6239,1561,4022,"actor"
6240,1562,1130,"actor"
6241,1562,4599,"actor"
6242,1562,5710,"actor"
6243,1562,7923,"director"
6244,1563,7142,"actor"
6245,1563,7492,"actor"
6246,1563,7613,"actor"
6247,1563,7724,"director"
6248,1564,1492,"actor"
6249,1564,3482,"actor"
6250,1564,3894,"director"
6251,1564,5841,"actor"
6252,1565,5144,"actor"
6253,1565,5390,"actor"
6254,1565,8045,"actor"
6255,1565,8157,"director"
6256,1566,848,"actor"
6257,1566,4628,"actor"
6258,1566,6748,"director"
6259,1566,7888,"actor"
6260,1567,993,"director"
6261,1567,1627,"actor"
6262,1567,2050,"actor"
6263,1567,4405,"actor"
6264,1568,1322,"director"
6265,1568,1714,"actor"
6266,1568,2547,"actor"
6267,1568,8081,"actor"
6268,1569,2416,"actor"
6269,1569,3384,"director"
6270,1569,3859,"actor"
6271,1569,7115,"actor"
6272,1570,1304,"actor"
6273,1570,3203,"actor"
6274,1570,5222,"director"
6275,1570,5769,"actor"
6276,1571,490,"actor"
6277,1571,1897,"director"
6278,1571,3586,"actor"
6279,1571,7121,"actor"
6280,1572,514,"actor"
6281,1572,3087,"actor"
6282,1572,5660,"actor"
6283,1572,7161,"director"
6284,1573,373,"actor"
6285,1573,3891,"actor"
6286,1573,3891,"director"
6287,1573,5736,"actor"
6288,1574,1744,"actor"
6289,1574,5284,"actor"
6290,1574,5435,"director"
6291,1574,5724,"actor"
6292,1575,2634,"actor"
6293,1575,3032,"actor"
6294,1575,3678,"director"
6295,1575,7613,"actor"
6296,1576,2065,"actor"
6297,1576,3711,"director"
6298,1576,4926,"actor"
6299,1576,6667,"actor"
6300,1577,2696,"actor"
6301,1577,2698,"director"
6302,1577,5427,"actor"
6303,1577,7790,"actor"
6304,1578,4308,"actor"
6305,1578,7371,"actor"
6306,1578,7846,"director"
6307,1578,7915,"actor"
6308,1579,3736,"actor"
6309,1579,4352,"actor"
6310,1579,4613,"actor"
6311,1579,6634,"director"
6312,1580,3347,"director"
6313,1580,4301,"actor"
6314,1580,4822,"actor"
6315,1580,6334,"actor"
6316,1581,3470,"actor"
6317,1581,4537,"director"
6318,1581,7259,"actor"
6319,1581,8222,"actor"
6320,1582,2270,"actor"
6321,1582,4068,"actor"
6322,1582,6128,"actor"
6323,1582,8107,"director"
6324,1583,373,"actor"
6325,1583,3869,"director"
6326,1583,5266,"actor"
6327,1583,6737,"actor"
6328,1584,1016,"actor"
6329,1584,2014,"director"
6330,1584,2434,"actor"
6331,1584,2633,"actor"
6332,1585,3735,"actor"
6333,1585,3981,"director"
6334,1585,4435,"actor"
6335,1585,4459,"actor"
6336,1586,566,"actor"
6337,1586,2999,"director"
6338,1586,6248,"actor"
6339,1586,6922,"actor"
6340,1587,1994,"actor"
6341,1587,3692,"actor"
6342,1587,3907,"director"
6343,1587,6234,"actor"
6344,1588,186,"actor"
6345,1588,3823,"director"
6346,1588,5549,"actor"
6347,1588,7992,"actor"
6348,1589,1004,"actor"
6349,1589,3539,"director"
6350,1589,3877,"actor"
6351,1589,5341,"actor"
6352,1590,244,"actor"
6353,1590,3129,"director"
6354,1590,3558,"actor"
6355,1590,4538,"actor"
6356,1591,919,"actor"
6357,1591,3112,"actor"
6358,1591,3360,"director"
6359,1591,5842,"actor"
6360,1592,1003,"actor"
6361,1592,1345,"director"
6362,1592,3717,"actor"
6363,1592,5401,"actor"
6364,1593,995,"actor"
6365,1593,1231,"director"
6366,1593,3630,"actor"
6367,1593,7149,"actor"
6368,1594,987,"director"
6369,1594,4510,"actor"
6370,1594,7897,"actor"
6371,1594,8122,"actor"
6372,1595,45,"actor"
6373,1595,1028,"actor"
6374,1595,5511,"director"
6375,1595,8176,"actor"
6376,1596,445,"actor"
6377,1596,1314,"actor"
6378,1596,5984,"actor"
6379,1596,7362,"director"
6380,1597,860,"actor"
6381,1597,2630,"director"
6382,1597,3775,"actor"
6383,1597,6536,"actor"
6384,1598,159,"actor"
6385,1598,4854,"actor"
6386,1598,6521,"actor"
6387,1598,6785,"director"
6388,1599,3014,"actor"
6389,1599,3141,"actor"
6390,1599,3175,"director"
6391,1599,4628,"actor"
6392,1600,617,"actor"
6393,1600,938,"actor"
6394,1600,5948,"director"
6395,1600,6524,"actor"
6396,1601,3370,"actor"
6397,1601,6048,"actor"
6398,1601,6288,"director"
6399,1601,6330,"actor"
6400,1602,2506,"actor"
6401,1602,4038,"actor"
6402,1602,4038,"director"
6403,1602,4093,"actor"
6404,1603,1034,"actor"
6405,1603,3289,"actor"
6406,1603,8241,"director"
6407,1603,8276,"actor"
6408,1604,317,"actor"
6409,1604,4692,"actor"
6410,1604,5989,"actor"
6411,1604,7794,"director"
6412,1605,670,"director"
6413,1605,1744,"actor"
6414,1605,3458,"actor"
6415,1605,3482,"actor"
6416,1606,997,"director"
6417,1606,2582,"actor"
6418,1606,5491,"actor"
6419,1606,8033,"actor"
6420,1607,947,"actor"
6421,1607,1003,"actor"
6422,1607,3056,"director"
6423,1607,5419,"actor"
6424,1608,4840,"actor"
6425,1608,5726,"director"
6426,1608,5820,"actor"
6427,1608,6503,"actor"
6428,1609,3020,"actor"
6429,1609,5095,"director"
6430,1609,5120,"actor"
6431,1609,6282,"actor"
6432,1610,3319,"actor"
6433,1610,3989,"actor"
6434,1610,6274,"director"
6435,1610,7492,"actor"
6436,1611,680,"director"
6437,1611,3736,"actor"
6438,1611,4653,"actor"
6439,1611,6664,"actor"
6440,1612,1888,"director"
6441,1612,4706,"actor"
6442,1612,5818,"actor"
6443,1612,6769,"actor"
6444,1613,784,"actor"
6445,1613,2412,"director"
6446,1613,5570,"actor"
6447,1613,6295,"actor"
6448,1614,1328,"actor"
6449,1614,3788,"actor"
6450,1614,3849,"director"
6451,1614,5476,"actor"
6452,1615,1277,"actor"
6453,1615,1819,"director"
6454,1615,5023,"actor"
6455,1615,6413,"actor"
6456,1616,1144,"director"
6457,1616,4231,"actor"
6458,1616,5378,"actor"
6459,1616,5463,"actor"
6460,1617,401,"actor"
6461,1617,3937,"actor"
6462,1617,5427,"actor"
6463,1617,7780,"director"
6464,1618,401,"actor"
6465,1618,3937,"actor"
6466,1618,5427,"actor"
6467,1618,7780,"director"
6468,1619,749,"actor"
6469,1619,910,"actor"
6470,1619,2327,"actor"
6471,1619,7539,"director"
6472,1620,1802,"actor"
6473,1620,2388,"director"
6474,1620,3670,"actor"
6475,1620,7636,"actor"
6476,1621,445,"actor"
6477,1621,2911,"actor"
6478,1621,3249,"actor"
6479,1621,5509,"director"
6480,1622,878,"director"
6481,1622,932,"actor"
6482,1622,1870,"actor"
6483,1622,6890,"actor"
6484,1623,949,"director"
6485,1623,3466,"actor"
6486,1623,4750,"actor"
6487,1623,7758,"actor"
6488,1624,3281,"actor"
6489,1624,3613,"actor"
6490,1624,5068,"actor"
6491,1624,5487,"director"
6492,1625,1157,"actor"
6493,1625,2427,"actor"
6494,1625,2456,"actor"
6495,1625,7782,"director"
6496,1626,1157,"actor"
6497,1626,2427,"actor"
6498,1626,2456,"actor"
6499,1626,7782,"director"
6500,1627,3212,"actor"
6501,1627,4942,"director"
6502,1627,6818,"actor"
6503,1627,8180,"actor"
6504,1628,1567,"actor"
6505,1628,2162,"actor"
6506,1628,3672,"director"
6507,1628,8126,"actor"
6508,1629,403,"actor"
6509,1629,1447,"director"
6510,1629,1631,"actor"
6511,1629,2074,"actor"
6512,1630,39,"actor"
6513,1630,273,"actor"
6514,1630,6265,"director"
6515,1630,6930,"actor"
6516,1631,755,"actor"
6517,1631,1632,"actor"
6518,1631,5358,"actor"
6519,1631,7460,"director"
6520,1632,960,"director"
6521,1632,2992,"actor"
6522,1632,3958,"actor"
6523,1632,5425,"actor"
6524,1633,2645,"actor"
6525,1633,7200,"actor"
6526,1633,7719,"actor"
6527,1633,7750,"director"
6528,1634,299,"actor"
6529,1634,2016,"director"
6530,1634,4649,"actor"
6531,1634,5868,"actor"
6532,1635,1337,"actor"
6533,1635,2230,"actor"
6534,1635,3211,"director"
6535,1635,3244,"actor"
6536,1636,426,"actor"
6537,1636,4411,"director"
6538,1636,5842,"actor"
6539,1636,8085,"actor"
6540,1637,456,"actor"
6541,1637,4013,"director"
6542,1637,4804,"actor"
6543,1637,6227,"actor"
6544,1638,468,"actor"
6545,1638,1933,"actor"
6546,1638,4841,"actor"
6547,1638,6289,"director"
6548,1639,900,"director"
6549,1639,950,"actor"
6550,1639,4688,"actor"
6551,1639,6204,"actor"
6552,1640,878,"director"
6553,1640,1046,"actor"
6554,1640,3445,"actor"
6555,1640,7583,"actor"
6556,1641,4309,"actor"
6557,1641,4645,"actor"
6558,1641,7451,"director"
6559,1641,8198,"actor"
6560,1642,382,"director"
6561,1642,874,"actor"
6562,1642,1342,"actor"
6563,1642,4366,"actor"
6564,1643,1175,"actor"
6565,1643,2318,"actor"
6566,1643,3112,"actor"
6567,1643,7948,"director"
6568,1644,435,"actor"
6569,1644,1104,"actor"
6570,1644,5451,"actor"
6571,1644,7448,"director"
6572,1645,1066,"actor"
6573,1645,3013,"director"
6574,1645,5749,"actor"
6575,1645,7002,"actor"
6576,1646,910,"actor"
6577,1646,1183,"actor"
6578,1646,7455,"actor"
6579,1646,7960,"director"
6580,1647,220,"actor"
6581,1647,1275,"actor"
6582,1647,1790,"actor"
6583,1647,6804,"director"
6584,1648,972,"actor"
6585,1648,1032,"actor"
6586,1648,5091,"actor"
6587,1648,5614,"director"
6588,1649,1726,"actor"
6589,1649,2743,"actor"
6590,1649,3499,"actor"
6591,1649,3499,"director"
6592,1650,1258,"actor"
6593,1650,2604,"actor"
6594,1650,4405,"actor"
6595,1650,6123,"director"
6596,1651,2100,"director"
6597,1651,2110,"actor"
6598,1651,3112,"actor"
6599,1651,7055,"actor"
6600,1652,4795,"actor"
6601,1652,7513,"director"
6602,1652,7906,"actor"
6603,1652,8041,"actor"
6604,1653,1531,"actor"
6605,1653,4948,"actor"
6606,1653,5002,"director"
6607,1653,5585,"actor"
6608,1654,3045,"director"
6609,1654,6988,"actor"
6610,1654,7566,"actor"
6611,1654,7744,"actor"
6612,1655,2700,"director"
6613,1655,3601,"actor"
6614,1655,4237,"actor"
6615,1655,7668,"actor"
6616,1656,2643,"actor"
6617,1656,6164,"director"
6618,1656,7553,"actor"
6619,1656,7943,"actor"
6620,1657,617,"actor"
6621,1657,1540,"actor"
6622,1657,4331,"director"
6623,1657,7643,"actor"
6624,1658,2303,"actor"
6625,1658,6305,"actor"
6626,1658,8297,"actor"
6627,1658,8297,"director"
6628,1659,4107,"actor"
6629,1659,6234,"actor"
6630,1659,6725,"director"
6631,1659,8122,"actor"
6632,1660,4107,"actor"
6633,1660,6234,"actor"
6634,1660,6725,"director"
6635,1660,8122,"actor"
6636,1661,4107,"actor"
6637,1661,6234,"actor"
6638,1661,6725,"director"
6639,1661,8122,"actor"
6640,1662,946,"actor"
6641,1662,3205,"actor"
6642,1662,3219,"director"
6643,1662,4487,"actor"
6644,1663,1034,"actor"
6645,1663,1348,"actor"
6646,1663,1717,"director"
6647,1663,7992,"actor"
6648,1664,2616,"actor"
6649,1664,2616,"director"
6650,1664,3022,"actor"
6651,1664,5017,"actor"
6652,1665,1497,"actor"
6653,1665,1997,"actor"
6654,1665,5543,"actor"
6655,1665,6840,"director"
6656,1666,1272,"actor"
6657,1666,1273,"director"
6658,1666,5062,"actor"
6659,1666,7131,"actor"
6660,1667,810,"actor"
6661,1667,1422,"actor"
6662,1667,6071,"actor"
6663,1667,6316,"director"
6664,1668,983,"actor"
6665,1668,2513,"actor"
6666,1668,4683,"actor"
6667,1668,4683,"director"
6668,1669,2596,"director"
6669,1669,2951,"actor"
6670,1669,3581,"actor"
6671,1669,5258,"actor"
6672,1670,910,"actor"
6673,1670,2877,"director"
6674,1670,3218,"actor"
6675,1670,4219,"actor"
6676,1671,947,"actor"
6677,1671,2197,"actor"
6678,1671,6137,"actor"
6679,1671,7476,"director"
6680,1672,1174,"actor"
6681,1672,4267,"actor"
6682,1672,6315,"director"
6683,1672,7474,"actor"
6684,1673,1997,"actor"
6685,1673,3394,"director"
6686,1673,3482,"actor"
6687,1673,3717,"actor"
6688,1674,493,"actor"
6689,1674,5737,"actor"
6690,1674,5742,"director"
6691,1674,5853,"actor"
6692,1675,174,"director"
6693,1675,2275,"actor"
6694,1675,2420,"actor"
6695,1675,2548,"actor"
6696,1676,74,"actor"
6697,1676,1573,"actor"
6698,1676,5880,"actor"
6699,1676,7201,"director"
6700,1677,493,"actor"
6701,1677,2686,"director"
6702,1677,3027,"actor"
6703,1677,3032,"actor"
6704,1678,463,"actor"
6705,1678,797,"actor"
6706,1678,7238,"actor"
6707,1678,8206,"director"
6708,1679,2610,"director"
6709,1679,2697,"actor"
6710,1679,5235,"actor"
6711,1679,6764,"actor"
6712,1680,3448,"actor"
6713,1680,4538,"actor"
6714,1680,4700,"director"
6715,1680,7157,"actor"
6716,1681,1714,"actor"
6717,1681,3404,"actor"
6718,1681,3887,"director"
6719,1681,5202,"actor"
6720,1682,446,"actor"
6721,1682,2089,"actor"
6722,1682,2089,"director"
6723,1682,2169,"actor"
6724,1683,54,"director"
6725,1683,209,"actor"
6726,1683,4208,"actor"
6727,1683,5365,"actor"
6728,1684,2336,"actor"
6729,1684,2499,"actor"
6730,1684,7259,"actor"
6731,1684,7486,"director"
6732,1685,339,"actor"
6733,1685,3727,"director"
6734,1685,5365,"actor"
6735,1685,6732,"actor"
6736,1686,1908,"actor"
6737,1686,2914,"director"
6738,1686,3283,"actor"
6739,1686,7259,"actor"
6740,1687,1993,"actor"
6741,1687,2687,"actor"
6742,1687,6289,"director"
6743,1687,8184,"actor"
6744,1688,528,"director"
6745,1688,2025,"actor"
6746,1688,7379,"actor"
6747,1688,7862,"actor"
6748,1689,5184,"director"
6749,1689,5751,"actor"
6750,1689,7636,"actor"
6751,1689,8152,"actor"
6752,1690,3399,"director"
6753,1690,3693,"actor"
6754,1690,4032,"actor"
6755,1690,5234,"actor"
6756,1691,1096,"director"
6757,1691,3203,"actor"
6758,1691,5984,"actor"
6759,1691,7870,"actor"
6760,1692,1141,"actor"
6761,1692,2801,"director"
6762,1692,5634,"actor"
6763,1692,6999,"actor"
6764,1693,749,"actor"
6765,1693,4692,"actor"
6766,1693,6667,"actor"
6767,1693,7059,"director"
6768,1694,3275,"actor"
6769,1694,3275,"director"
6770,1694,6385,"actor"
6771,1695,243,"director"
6772,1695,1702,"actor"
6773,1695,5133,"actor"
6774,1695,5150,"actor"
6775,1696,223,"actor"
6776,1696,716,"director"
6777,1696,5712,"actor"
6778,1696,8222,"actor"
6779,1697,15,"actor"
6780,1697,6382,"actor"
6781,1697,6922,"actor"
6782,1697,7404,"director"
6783,1698,1741,"director"
6784,1698,1927,"actor"
6785,1698,5415,"actor"
6786,1698,5980,"actor"
6787,1699,2374,"actor"
6788,1699,5558,"director"
6789,1699,6248,"actor"
6790,1699,8143,"actor"
6791,1700,1611,"director"
6792,1700,2482,"actor"
6793,1700,5427,"actor"
6794,1700,6058,"actor"
6795,1701,1174,"actor"
6796,1701,2370,"actor"
6797,1701,2590,"director"
6798,1701,3185,"actor"
6799,1702,54,"director"
6800,1702,4717,"actor"
6801,1702,6251,"actor"
6802,1702,6291,"actor"
6803,1703,1247,"actor"
6804,1703,7457,"director"
6805,1703,7948,"actor"
6806,1703,8394,"actor"
6807,1704,1361,"director"
6808,1704,1440,"actor"
6809,1704,6331,"actor"
6810,1704,7271,"actor"
6811,1705,222,"director"
6812,1705,3087,"actor"
6813,1705,3093,"actor"
6814,1705,4258,"actor"
6815,1706,5470,"actor"
6816,1706,5941,"actor"
6817,1706,6867,"actor"
6818,1706,7403,"director"
6819,1707,2839,"actor"
6820,1707,4496,"director"
6821,1707,5680,"actor"
6822,1707,6858,"actor"
6823,1708,2703,"actor"
6824,1708,4801,"actor"
6825,1708,5690,"director"
6826,1708,6979,"actor"
6827,1709,1572,"director"
6828,1709,5304,"actor"
6829,1709,7208,"actor"
6830,1709,8035,"actor"
6831,1710,1191,"actor"
6832,1710,2990,"director"
6833,1710,3841,"actor"
6834,1710,6764,"actor"
6835,1711,2025,"actor"
6836,1711,2025,"director"
6837,1711,2035,"actor"
6838,1711,4503,"actor"
6839,1712,609,"director"
6840,1712,1225,"actor"
6841,1712,1816,"actor"
6842,1712,5157,"actor"
6843,1713,3510,"director"
6844,1713,4167,"actor"
6845,1713,6819,"actor"
6846,1713,8081,"actor"
6847,1714,2216,"actor"
6848,1714,4638,"actor"
6849,1714,5570,"actor"
6850,1714,6224,"director"
6851,1715,514,"actor"
6852,1715,1025,"actor"
6853,1715,2677,"actor"
6854,1715,3854,"director"
6855,1716,2906,"actor"
6856,1716,7089,"actor"
6857,1716,7634,"actor"
6858,1716,8300,"director"
6859,1717,1201,"actor"
6860,1717,3460,"actor"
6861,1717,7200,"actor"
6862,1717,7809,"director"
6863,1718,540,"actor"
6864,1718,550,"actor"
6865,1718,2937,"director"
6866,1718,6114,"actor"
6867,1719,1537,"actor"
6868,1719,3485,"actor"
6869,1719,4275,"director"
6870,1719,6115,"actor"
6871,1720,2129,"actor"
6872,1720,2617,"actor"
6873,1720,4750,"actor"
6874,1720,7284,"director"
6875,1721,2129,"actor"
6876,1721,2617,"actor"
6877,1721,4750,"actor"
6878,1721,7284,"director"
6879,1722,671,"director"
6880,1722,3425,"actor"
6881,1722,6059,"actor"
6882,1722,8394,"actor"
6883,1723,2933,"director"
6884,1723,6007,"actor"
6885,1723,7755,"actor"
6886,1723,7941,"actor"
6887,1724,463,"actor"
6888,1724,1500,"actor"
6889,1724,1500,"director"
6890,1724,6685,"actor"
6891,1725,3370,"actor"
6892,1725,5901,"actor"
6893,1725,6202,"director"
6894,1725,7804,"actor"
6895,1726,4,"actor"
6896,1726,83,"actor"
6897,1726,2569,"actor"
6898,1726,4310,"director"
6899,1727,2506,"actor"
6900,1727,4006,"director"
6901,1727,5660,"actor"
6902,1727,7095,"actor"
6903,1728,859,"actor"
6904,1728,4850,"actor"
6905,1728,5784,"director"
6906,1728,8152,"actor"
6907,1729,781,"actor"
6908,1729,2069,"actor"
6909,1729,5576,"actor"
6910,1729,5576,"director"
6911,1730,895,"actor"
6912,1730,6680,"director"
6913,1730,7082,"actor"
6914,1730,8200,"actor"
6915,1731,1716,"actor"
6916,1731,2111,"director"
6917,1731,2314,"actor"
6918,1731,6080,"actor"
6919,1732,3613,"actor"
6920,1732,4792,"actor"
6921,1732,7540,"director"
6922,1732,7885,"actor"
6923,1733,1028,"actor"
6924,1733,5333,"actor"
6925,1733,6862,"director"
6926,1733,7602,"actor"
6927,1734,1306,"actor"
6928,1734,1540,"actor"
6929,1734,3515,"actor"
6930,1734,6731,"director"
6931,1735,3338,"actor"
6932,1735,3911,"actor"
6933,1735,5499,"director"
6934,1735,6764,"actor"
6935,1736,4592,"actor"
6936,1736,5319,"director"
6937,1736,6724,"actor"
6938,1736,7280,"actor"
6939,1737,234,"actor"
6940,1737,250,"actor"
6941,1737,2534,"director"
6942,1737,7236,"actor"
6943,1738,1499,"actor"
6944,1738,4893,"actor"
6945,1738,5767,"actor"
6946,1738,5862,"director"
6947,1739,3460,"actor"
6948,1739,4075,"director"
6949,1739,5491,"actor"
6950,1739,6240,"actor"
6951,1740,390,"director"
6952,1740,4188,"actor"
6953,1740,6538,"actor"
6954,1740,6689,"actor"
6955,1741,1874,"actor"
6956,1741,2069,"actor"
6957,1741,2755,"director"
6958,1741,3616,"actor"
6959,1742,1519,"actor"
6960,1742,2576,"actor"
6961,1742,4307,"actor"
6962,1742,8251,"director"
6963,1743,1012,"actor"
6964,1743,1796,"actor"
6965,1743,4358,"actor"
6966,1743,7647,"director"
6967,1744,1012,"actor"
6968,1744,1796,"actor"
6969,1744,4358,"actor"
6970,1744,7647,"director"
6971,1745,1865,"actor"
6972,1745,3649,"actor"
6973,1745,4315,"actor"
6974,1745,8142,"director"
6975,1746,1793,"actor"
6976,1746,4551,"actor"
6977,1746,5574,"actor"
6978,1746,6897,"director"
6979,1747,2572,"actor"
6980,1747,2814,"actor"
6981,1747,3492,"director"
6982,1747,4774,"actor"
6983,1748,1743,"director"
6984,1748,1758,"actor"
6985,1748,6834,"actor"
6986,1748,8138,"actor"
6987,1749,2617,"actor"
6988,1749,3338,"actor"
6989,1749,6007,"actor"
6990,1749,7162,"director"
6991,1750,1526,"actor"
6992,1750,4755,"director"
6993,1750,6690,"actor"
6994,1750,7840,"actor"
6995,1751,723,"actor"
6996,1751,7226,"actor"
6997,1751,7395,"actor"
6998,1751,7456,"director"
6999,1752,1088,"director"
7000,1752,2320,"actor"
7001,1752,2548,"actor"
7002,1752,5372,"actor"
7003,1753,954,"actor"
7004,1753,1455,"actor"
7005,1753,2943,"director"
7006,1753,7116,"actor"
7007,1754,3831,"actor"
7008,1754,5316,"actor"
7009,1754,7584,"actor"
7010,1754,7904,"director"
7011,1755,1244,"director"
7012,1755,3487,"actor"
7013,1755,4791,"actor"
7014,1755,5917,"actor"
7015,1756,2157,"actor"
7016,1756,2328,"director"
7017,1756,6703,"actor"
7018,1756,7142,"actor"
7019,1757,351,"actor"
7020,1757,1121,"director"
7021,1757,1644,"actor"
7022,1757,6255,"actor"
7023,1758,782,"actor"
7024,1758,813,"actor"
7025,1758,3570,"actor"
7026,1758,5486,"director"
7027,1759,1371,"actor"
7028,1759,2356,"actor"
7029,1759,4642,"director"
7030,1759,7202,"actor"
7031,1760,1004,"actor"
7032,1760,1379,"director"
7033,1760,6953,"actor"
7034,1760,6960,"actor"
7035,1761,1242,"actor"
7036,1761,3744,"director"
7037,1761,7605,"actor"
7038,1761,7862,"actor"
7039,1762,45,"actor"
7040,1762,555,"director"
7041,1762,2044,"actor"
7042,1762,6443,"actor"
7043,1763,1204,"actor"
7044,1763,2022,"actor"
7045,1763,5529,"actor"
7046,1763,7849,"director"
7047,1764,3580,"actor"
7048,1764,5837,"actor"
7049,1764,8033,"actor"
7050,1764,8263,"director"
7051,1765,971,"director"
7052,1765,2906,"actor"
7053,1765,6291,"actor"
7054,1765,6699,"actor"
7055,1766,4246,"director"
7056,1766,6864,"actor"
7057,1766,7031,"actor"
7058,1766,8050,"actor"
7059,1767,4014,"actor"
7060,1767,4392,"actor"
7061,1767,5122,"director"
7062,1767,5680,"actor"
7063,1768,836,"actor"
7064,1768,2376,"actor"
7065,1768,4219,"actor"
7066,1768,7539,"director"
7067,1769,387,"actor"
7068,1769,387,"director"
7069,1769,4279,"actor"
7070,1769,4342,"actor"
7071,1770,3736,"actor"
7072,1770,4792,"actor"
7073,1770,4832,"actor"
7074,1770,5263,"director"
7075,1771,1160,"actor"
7076,1771,2939,"director"
7077,1771,5317,"actor"
7078,1772,2575,"actor"
7079,1772,3188,"actor"
7080,1772,6887,"actor"
7081,1772,7486,"director"
7082,1773,1480,"actor"
7083,1773,2120,"director"
7084,1773,5888,"actor"
7085,1773,7958,"actor"
7086,1774,773,"actor"
7087,1774,3404,"actor"
7088,1774,6687,"director"
7089,1774,7754,"actor"
7090,1775,1322,"director"
7091,1775,1714,"actor"
7092,1775,2367,"actor"
7093,1775,6961,"actor"
7094,1776,1053,"actor"
7095,1776,1517,"actor"
7096,1776,2910,"director"
7097,1776,6913,"actor"
7098,1777,3717,"actor"
7099,1777,5056,"actor"
7100,1777,7938,"actor"
7101,1777,8324,"director"
7102,1778,3717,"actor"
7103,1778,5056,"actor"
7104,1778,7938,"actor"
7105,1778,8324,"director"
7106,1779,3618,"actor"
7107,1779,6227,"actor"
7108,1779,8006,"director"
7109,1779,8138,"actor"
7110,1780,53,"actor"
7111,1780,1032,"actor"
7112,1780,1111,"director"
7113,1780,5777,"actor"
7114,1781,3286,"actor"
7115,1781,3321,"director"
7116,1781,5028,"actor"
7117,1781,5210,"actor"
7118,1782,1981,"actor"
7119,1782,7986,"actor"
7120,1782,8297,"actor"
7121,1782,8297,"director"
7122,1783,764,"director"
7123,1783,2691,"actor"
7124,1783,6390,"actor"
7125,1783,7664,"actor"
7126,1784,1360,"director"
7127,1784,2009,"actor"
7128,1784,2871,"actor"
7129,1784,7475,"actor"
7130,1785,790,"actor"
7131,1785,1070,"director"
7132,1785,4557,"actor"
7133,1785,6914,"actor"
7134,1786,125,"actor"
7135,1786,1430,"director"
7136,1786,1605,"actor"
7137,1786,5381,"actor"
7138,1787,1367,"actor"
7139,1787,5867,"director"
7140,1787,6540,"actor"
7141,1787,6581,"actor"
7142,1788,164,"actor"
7143,1788,2717,"director"
7144,1788,3778,"actor"
7145,1788,6387,"actor"
7146,1789,644,"actor"
7147,1789,1353,"actor"
7148,1789,3578,"director"
7149,1789,7524,"actor"
7150,1790,494,"actor"
7151,1790,2025,"actor"
7152,1790,4706,"actor"
7153,1790,5918,"director"
7154,1791,5697,"actor"
7155,1791,5697,"director"
7156,1791,6375,"actor"
7157,1791,7295,"actor"
7158,1792,3601,"actor"
7159,1792,3688,"director"
7160,1792,4531,"actor"
7161,1792,8152,"actor"
7162,1793,1373,"actor"
7163,1793,4374,"director"
7164,1793,4821,"actor"
7165,1793,4832,"actor"
7166,1794,3628,"actor"
7167,1794,7360,"actor"
7168,1794,7514,"actor"
7169,1794,7514,"director"
7170,1795,1197,"actor"
7171,1795,1199,"director"
7172,1795,3148,"actor"
7173,1795,6878,"actor"
7174,1796,445,"actor"
7175,1796,3340,"actor"
7176,1796,7460,"director"
7177,1796,7553,"actor"
7178,1797,495,"actor"
7179,1797,941,"actor"
7180,1797,3998,"director"
7181,1797,6769,"actor"
7182,1798,1908,"actor"
7183,1798,1960,"director"
7184,1798,3480,"actor"
7185,1798,7770,"actor"
7186,1799,583,"actor"
7187,1799,4996,"director"
7188,1799,5025,"actor"
7189,1799,6019,"actor"
7190,1800,860,"actor"
7191,1800,2568,"actor"
7192,1800,5843,"actor"
7193,1800,8196,"director"
7194,1801,1166,"actor"
7195,1801,2394,"director"
7196,1801,2620,"actor"
7197,1801,6100,"actor"
7198,1802,1921,"director"
7199,1802,1956,"actor"
7200,1802,5708,"actor"
7201,1802,5812,"actor"
7202,1803,3331,"actor"
7203,1803,4973,"director"
7204,1803,6000,"actor"
7205,1803,8221,"actor"
7206,1804,671,"director"
7207,1804,6707,"actor"
7208,1804,6922,"actor"
7209,1804,8230,"actor"
7210,1805,4315,"actor"
7211,1805,5761,"actor"
7212,1805,6203,"actor"
7213,1805,6203,"director"
7214,1806,2601,"actor"
7215,1806,3693,"actor"
7216,1806,7540,"director"
7217,1806,7870,"actor"
7218,1807,97,"actor"
7219,1807,2380,"actor"
7220,1807,2533,"director"
7221,1807,4991,"actor"
7222,1808,850,"actor"
7223,1808,913,"director"
7224,1808,3079,"actor"
7225,1808,3286,"actor"
7226,1809,1061,"actor"
7227,1809,5022,"director"
7228,1809,6220,"actor"
7229,1809,7069,"actor"
7230,1810,52,"actor"
7231,1810,6304,"actor"
7232,1810,7492,"actor"
7233,1810,7528,"director"
7234,1811,83,"actor"
7235,1811,653,"director"
7236,1811,1352,"actor"
7237,1811,6988,"actor"
7238,1812,83,"actor"
7239,1812,653,"director"
7240,1812,1352,"actor"
7241,1812,6988,"actor"
7242,1813,3855,"director"
7243,1813,4660,"actor"
7244,1813,4949,"actor"
7245,1813,5889,"actor"
7246,1814,154,"actor"
7247,1814,1298,"actor"
7248,1814,3475,"actor"
7249,1814,3806,"director"
7250,1815,493,"actor"
7251,1815,1247,"actor"
7252,1815,2163,"director"
7253,1815,3736,"actor"
7254,1816,1544,"actor"
7255,1816,2691,"actor"
7256,1816,5211,"director"
7257,1816,6834,"actor"
7258,1817,1850,"director"
7259,1817,2200,"actor"
7260,1817,4621,"actor"
7261,1817,5434,"actor"
7262,1818,125,"actor"
7263,1818,1691,"director"
7264,1818,5223,"actor"
7265,1818,6667,"actor"
7266,1819,3854,"director"
7267,1819,3914,"actor"
7268,1819,6468,"actor"
7269,1819,6670,"actor"
7270,1820,1274,"actor"
7271,1820,2449,"actor"
7272,1820,5238,"director"
7273,1820,6696,"actor"
7274,1821,52,"actor"
7275,1821,2119,"actor"
7276,1821,2356,"actor"
7277,1821,6230,"director"
7278,1822,7,"actor"
7279,1822,1050,"actor"
7280,1822,4774,"actor"
7281,1822,5604,"director"
7282,1823,1859,"actor"
7283,1823,1975,"actor"
7284,1823,6391,"director"
7285,1823,6938,"actor"
7286,1824,4209,"actor"
7287,1824,5454,"actor"
7288,1824,6346,"director"
7289,1824,8105,"actor"
7290,1825,320,"actor"
7291,1825,2769,"actor"
7292,1825,5011,"actor"
7293,1825,6129,"director"
7294,1826,514,"actor"
7295,1826,960,"director"
7296,1826,2356,"actor"
7297,1826,6382,"actor"
7298,1827,1371,"actor"
7299,1827,2798,"actor"
7300,1827,5365,"actor"
7301,1827,6721,"director"
7302,1828,1526,"actor"
7303,1828,3514,"actor"
7304,1828,5712,"actor"
7305,1828,6233,"director"
7306,1829,6737,"actor"
7307,1829,6827,"director"
7308,1829,6864,"actor"
7309,1829,7398,"actor"
7310,1830,1302,"actor"
7311,1830,2166,"actor"
7312,1830,4839,"director"
7313,1830,6536,"actor"
7314,1831,3618,"actor"
7315,1831,4830,"actor"
7316,1831,7049,"director"
7317,1831,7885,"actor"
7318,1832,386,"actor"
7319,1832,1337,"actor"
7320,1832,3972,"director"
7321,1832,4904,"actor"
7322,1833,4854,"actor"
7323,1833,5653,"actor"
7324,1833,6477,"director"
7325,1833,7115,"actor"
7326,1834,3642,"actor"
7327,1834,4800,"actor"
7328,1834,7470,"actor"
7329,1834,7538,"director"
7330,1835,3670,"actor"
7331,1835,5369,"actor"
7332,1835,6567,"director"
7333,1835,8135,"actor"
7334,1836,3001,"director"
7335,1837,1288,"actor"
7336,1837,5027,"director"
7337,1837,5467,"actor"
7338,1837,6914,"actor"
7339,1838,2051,"director"
7340,1838,2727,"actor"
7341,1838,3281,"actor"
7342,1838,3756,"actor"
7343,1839,989,"director"
7344,1839,3319,"actor"
7345,1839,5026,"actor"
7346,1839,5893,"actor"
7347,1840,673,"actor"
7348,1840,2981,"actor"
7349,1840,3027,"actor"
7350,1840,8166,"director"
7351,1841,1836,"director"
7352,1841,3978,"actor"
7353,1841,5019,"actor"
7354,1841,5731,"actor"
7355,1842,3218,"actor"
7356,1842,3338,"actor"
7357,1842,4599,"actor"
7358,1842,7052,"director"
7359,1843,1240,"actor"
7360,1843,4427,"director"
7361,1843,5317,"actor"
7362,1843,8367,"actor"
7363,1844,1967,"actor"
7364,1844,4064,"director"
7365,1844,5902,"actor"
7366,1844,6146,"actor"
7367,1845,220,"actor"
7368,1845,2351,"actor"
7369,1845,6804,"director"
7370,1845,7492,"actor"
7371,1846,4075,"actor"
7372,1846,4815,"actor"
7373,1846,7554,"director"
7374,1846,7886,"actor"
7375,1847,1422,"actor"
7376,1847,2770,"director"
7377,1847,3014,"actor"
7378,1847,5830,"actor"
7379,1848,1044,"director"
7380,1848,1352,"actor"
7381,1848,5267,"actor"
7382,1848,5419,"actor"
7383,1849,1044,"director"
7384,1849,1352,"actor"
7385,1849,5267,"actor"
7386,1849,5419,"actor"
7387,1850,100,"actor"
7388,1850,890,"actor"
7389,1850,972,"actor"
7390,1850,6275,"director"
7391,1851,904,"actor"
7392,1851,5438,"actor"
7393,1851,5850,"actor"
7394,1851,6734,"director"
7395,1852,2251,"actor"
7396,1852,3996,"director"
7397,1852,5656,"actor"
7398,1852,7816,"actor"
7399,1853,427,"director"
7400,1853,1577,"actor"
7401,1853,2461,"actor"
7402,1853,5283,"actor"
7403,1854,1038,"actor"
7404,1854,1937,"actor"
7405,1854,2944,"director"
7406,1854,3549,"actor"
7407,1855,2436,"actor"
7408,1855,3478,"actor"
7409,1855,3984,"director"
7410,1855,7322,"actor"
7411,1856,1073,"actor"
7412,1856,6508,"actor"
7413,1856,6899,"director"
7414,1856,6922,"actor"
7415,1857,853,"director"
7416,1857,2436,"actor"
7417,1857,2472,"actor"
7418,1857,7024,"actor"
7419,1858,2159,"director"
7420,1858,4154,"actor"
7421,1858,5317,"actor"
7422,1858,5937,"actor"
7423,1859,1617,"actor"
7424,1859,4782,"actor"
7425,1859,7309,"director"
7426,1859,8257,"actor"
7427,1860,3046,"actor"
7428,1860,3337,"actor"
7429,1860,4534,"director"
7430,1860,5619,"actor"
7431,1861,209,"actor"
7432,1861,2956,"actor"
7433,1861,6309,"director"
7434,1861,7475,"actor"
7435,1862,58,"actor"
7436,1862,4003,"director"
7437,1862,7485,"actor"
7438,1862,7508,"actor"
7439,1863,3291,"actor"
7440,1863,4557,"actor"
7441,1863,5535,"actor"
7442,1863,6287,"director"
7443,1864,2336,"actor"
7444,1864,2662,"actor"
7445,1864,5539,"director"
7446,1864,6736,"actor"
7447,1865,198,"actor"
7448,1865,2090,"actor"
7449,1865,4979,"actor"
7450,1865,7294,"director"
7451,1866,3286,"actor"
7452,1866,5655,"director"
7453,1866,7780,"actor"
7454,1866,8394,"actor"
7455,1867,2359,"actor"
7456,1867,5871,"director"
7457,1867,7019,"actor"
7458,1867,7680,"actor"
7459,1868,1637,"director"
7460,1868,1793,"actor"
7461,1868,3763,"actor"
7462,1868,5570,"actor"
7463,1869,2282,"actor"
7464,1869,5006,"actor"
7465,1869,6048,"actor"
7466,1869,7732,"director"
7467,1870,5470,"actor"
7468,1870,5731,"actor"
7469,1870,7454,"director"
7470,1870,7455,"actor"
7471,1871,1522,"actor"
7472,1871,6033,"director"
7473,1871,6959,"actor"
7474,1871,7915,"actor"
7475,1872,810,"actor"
7476,1872,1422,"actor"
7477,1872,6071,"actor"
7478,1872,6316,"director"
7479,1873,3312,"actor"
7480,1873,3609,"actor"
7481,1873,4466,"actor"
7482,1873,6269,"director"
7483,1874,1848,"actor"
7484,1874,1981,"actor"
7485,1874,5207,"director"
7486,1874,8228,"actor"
7487,1875,2217,"director"
7488,1875,2232,"actor"
7489,1875,2733,"actor"
7490,1875,8394,"actor"
7491,1876,2224,"actor"
7492,1876,2341,"actor"
7493,1876,2599,"actor"
7494,1876,6879,"director"
7495,1877,947,"actor"
7496,1877,3081,"actor"
7497,1877,6391,"director"
7498,1877,8029,"actor"
7499,1878,456,"actor"
7500,1878,2022,"actor"
7501,1878,3501,"actor"
7502,1878,3956,"director"
7503,1879,1497,"actor"
7504,1879,2514,"actor"
7505,1879,3141,"actor"
7506,1879,6853,"director"
7507,1880,40,"actor"
7508,1880,517,"actor"
7509,1880,1629,"director"
7510,1880,5410,"actor"
7511,1881,105,"actor"
7512,1881,2405,"actor"
7513,1881,4199,"actor"
7514,1881,5559,"director"
7515,1882,745,"actor"
7516,1882,1446,"director"
7517,1882,2197,"actor"
7518,1882,6864,"actor"
7519,1883,1792,"actor"
7520,1883,4588,"actor"
7521,1883,4639,"director"
7522,1883,4852,"actor"
7523,1884,212,"director"
7524,1884,1492,"actor"
7525,1884,2242,"actor"
7526,1884,6988,"actor"
7527,1885,1046,"actor"
7528,1885,5777,"actor"
7529,1885,6362,"director"
7530,1885,6376,"actor"
7531,1886,1279,"actor"
7532,1886,4203,"actor"
7533,1886,4842,"actor"
7534,1886,6860,"director"
7535,1887,156,"actor"
7536,1887,4163,"actor"
7537,1887,5181,"actor"
7538,1887,7361,"director"
7539,1888,3482,"actor"
7540,1888,4947,"director"
7541,1888,5342,"actor"
7542,1888,6434,"actor"
7543,1889,1970,"actor"
7544,1889,4507,"director"
7545,1889,6715,"actor"
7546,1889,6881,"actor"
7547,1890,244,"actor"
7548,1890,1190,"director"
7549,1890,1602,"actor"
7550,1890,2553,"actor"
7551,1891,221,"actor"
7552,1891,2461,"actor"
7553,1891,5091,"actor"
7554,1891,6773,"director"
7555,1892,1625,"actor"
7556,1892,2721,"actor"
7557,1892,2953,"actor"
7558,1892,6603,"director"
7559,1893,4135,"actor"
7560,1893,5266,"actor"
7561,1893,5619,"actor"
7562,1893,6886,"director"
7563,1894,3511,"director"
7564,1894,4079,"actor"
7565,1894,7371,"actor"
7566,1894,8256,"actor"
7567,1895,263,"actor"
7568,1895,1687,"actor"
7569,1895,2148,"actor"
7570,1895,5097,"director"
7571,1896,1298,"actor"
7572,1896,1800,"actor"
7573,1896,2232,"actor"
7574,1896,5070,"director"
7575,1897,2550,"actor"
7576,1897,4057,"actor"
7577,1897,8172,"director"
7578,1897,8209,"actor"
7579,1898,66,"director"
7580,1898,1215,"actor"
7581,1898,2434,"actor"
7582,1898,6051,"actor"
7583,1899,1610,"actor"
7584,1899,2431,"actor"
7585,1899,6996,"actor"
7586,1899,8168,"director"
7587,1900,1337,"actor"
7588,1900,4043,"actor"
7589,1900,5091,"actor"
7590,1900,6502,"director"
7591,1901,420,"actor"
7592,1901,523,"director"
7593,1901,3188,"actor"
7594,1901,5549,"actor"
7595,1902,4414,"actor"
7596,1902,5961,"director"
7597,1902,6526,"actor"
7598,1902,7646,"actor"
7599,1903,1517,"actor"
7600,1903,5092,"actor"
7601,1903,6146,"actor"
7602,1903,6320,"director"
7603,1904,4015,"director"
7604,1904,5941,"actor"
7605,1904,5979,"actor"
7606,1904,6867,"actor"
7607,1905,2486,"actor"
7608,1905,4763,"actor"
7609,1905,6725,"director"
7610,1905,8122,"actor"
7611,1906,650,"actor"
7612,1906,2901,"director"
7613,1906,3059,"actor"
7614,1906,7283,"actor"
7615,1907,1517,"actor"
7616,1907,4002,"director"
7617,1907,5750,"actor"
7618,1907,6234,"actor"
7619,1908,176,"director"
7620,1908,1745,"actor"
7621,1908,2237,"actor"
7622,1908,5818,"actor"
7623,1909,1338,"director"
7624,1909,3312,"actor"
7625,1909,4912,"actor"
7626,1909,7758,"actor"
7627,1910,2498,"director"
7628,1910,3570,"actor"
7629,1910,4680,"actor"
7630,1910,8122,"actor"
7631,1911,1415,"actor"
7632,1911,1415,"director"
7633,1911,4707,"actor"
7634,1911,5570,"actor"
7635,1912,1330,"actor"
7636,1912,1716,"actor"
7637,1912,2617,"actor"
7638,1912,2978,"director"
7639,1913,1914,"actor"
7640,1913,4911,"actor"
7641,1913,6739,"director"
7642,1913,6761,"actor"
7643,1914,1858,"director"
7644,1914,6223,"actor"
7645,1914,7291,"actor"
7646,1914,8394,"actor"
7647,1915,1724,"actor"
7648,1915,3387,"actor"
7649,1915,4157,"actor"
7650,1915,7265,"director"
7651,1916,296,"actor"
7652,1916,2634,"actor"
7653,1916,3678,"director"
7654,1916,7754,"actor"
7655,1917,2550,"actor"
7656,1917,7553,"actor"
7657,1917,8297,"actor"
7658,1917,8297,"director"
7659,1918,3055,"actor"
7660,1918,4109,"actor"
7661,1918,5487,"director"
7662,1918,8230,"actor"
7663,1919,189,"actor"
7664,1919,749,"actor"
7665,1919,7724,"director"
7666,1919,7940,"actor"
7667,1920,1544,"actor"
7668,1920,2998,"actor"
7669,1920,3972,"director"
7670,1920,7786,"actor"
7671,1921,445,"actor"
7672,1921,5249,"director"
7673,1921,5979,"actor"
7674,1921,7710,"actor"
7675,1922,165,"actor"
7676,1922,271,"actor"
7677,1922,7492,"actor"
7678,1922,7782,"director"
7679,1923,3183,"actor"
7680,1923,3541,"director"
7681,1923,6291,"actor"
7682,1923,8149,"actor"
7683,1924,54,"director"
7684,1924,456,"actor"
7685,1924,4577,"actor"
7686,1924,7504,"actor"
7687,1925,4878,"actor"
7688,1925,5777,"actor"
7689,1925,7494,"actor"
7690,1925,7904,"director"
7691,1926,3281,"actor"
7692,1926,5068,"actor"
7693,1926,6208,"director"
7694,1926,8116,"actor"
7695,1927,749,"actor"
7696,1927,2000,"actor"
7697,1927,4280,"actor"
7698,1927,5408,"director"
7699,1928,1124,"actor"
7700,1928,2639,"actor"
7701,1928,4859,"director"
7702,1928,5136,"actor"
7703,1929,297,"actor"
7704,1929,890,"actor"
7705,1929,7284,"director"
7706,1929,7914,"actor"
7707,1930,5623,"director"
7708,1930,5829,"actor"
7709,1930,6057,"actor"
7710,1930,7069,"actor"
7711,1931,519,"director"
7712,1931,1247,"actor"
7713,1931,5830,"actor"
7714,1931,6382,"actor"
7715,1932,998,"actor"
7716,1932,3335,"director"
7717,1932,4766,"actor"
7718,1932,4948,"actor"
7719,1933,417,"director"
7720,1933,2091,"actor"
7721,1933,3717,"actor"
7722,1933,7860,"actor"
7723,1934,463,"actor"
7724,1934,3567,"actor"
7725,1934,4884,"actor"
7726,1934,7495,"director"
7727,1935,454,"actor"
7728,1935,2361,"actor"
7729,1935,4084,"director"
7730,1935,7563,"actor"
7731,1936,3602,"actor"
7732,1936,4512,"actor"
7733,1936,5284,"actor"
7734,1936,7059,"director"
7735,1937,4737,"director"
7736,1937,5583,"actor"
7737,1937,5777,"actor"
7738,1937,6555,"actor"
7739,1938,1287,"actor"
7740,1938,2280,"actor"
7741,1938,5717,"actor"
7742,1938,8002,"director"
7743,1939,317,"actor"
7744,1939,1743,"director"
7745,1939,3008,"actor"
7746,1939,4280,"actor"
7747,1940,2232,"actor"
7748,1940,2761,"director"
7749,1940,3822,"actor"
7750,1940,6795,"actor"
7751,1941,4038,"director"
7752,1941,6295,"actor"
7753,1941,8222,"actor"
7754,1941,8394,"actor"
7755,1942,1916,"director"
7756,1942,4406,"actor"
7757,1942,5556,"actor"
7758,1942,7107,"actor"
7759,1943,221,"actor"
7760,1943,410,"director"
7761,1943,904,"actor"
7762,1943,7475,"actor"
7763,1944,200,"director"
7764,1944,3429,"actor"
7765,1944,4879,"actor"
7766,1944,7258,"actor"
7767,1945,3404,"actor"
7768,1945,4242,"actor"
7769,1945,5222,"director"
7770,1945,8282,"actor"
7771,1946,3478,"actor"
7772,1946,4355,"actor"
7773,1946,6911,"director"
7774,1946,8363,"actor"
7775,1947,457,"actor"
7776,1947,973,"actor"
7777,1947,4430,"actor"
7778,1947,6776,"director"
7779,1948,1821,"actor"
7780,1948,4776,"actor"
7781,1948,5248,"director"
7782,1948,7847,"actor"
7783,1949,1522,"actor"
7784,1949,6352,"director"
7785,1949,7142,"actor"
7786,1949,7915,"actor"
7787,1950,813,"actor"
7788,1950,1030,"actor"
7789,1950,3897,"actor"
7790,1950,6892,"director"
7791,1951,3944,"director"
7792,1951,4528,"actor"
7793,1951,4830,"actor"
7794,1951,5762,"actor"
7795,1952,1068,"actor"
7796,1952,1449,"actor"
7797,1952,2560,"actor"
7798,1952,8290,"director"
7799,1953,1853,"actor"
7800,1953,7562,"actor"
7801,1953,7562,"director"
7802,1953,7944,"actor"
7803,1954,745,"actor"
7804,1954,1242,"actor"
7805,1954,5304,"director"
7806,1954,6765,"actor"
7807,1955,1828,"director"
7808,1955,3740,"actor"
7809,1955,5234,"actor"
7810,1955,7146,"actor"
7811,1956,749,"actor"
7812,1956,1356,"director"
7813,1956,2203,"actor"
7814,1956,7975,"actor"
7815,1957,233,"director"
7816,1957,1197,"actor"
7817,1957,5066,"actor"
7818,1957,6012,"actor"
7819,1958,390,"director"
7820,1958,7373,"actor"
7821,1958,7780,"actor"
7822,1958,8374,"actor"
7823,1959,1038,"actor"
7824,1959,2993,"actor"
7825,1959,4774,"actor"
7826,1959,6897,"director"
7827,1960,803,"director"
7828,1960,1383,"actor"
7829,1960,5427,"actor"
7830,1960,6882,"actor"
7831,1961,2440,"actor"
7832,1961,5366,"actor"
7833,1961,6742,"director"
7834,1961,7337,"actor"
7835,1962,2569,"actor"
7836,1962,4565,"actor"
7837,1962,6887,"actor"
7838,1962,8043,"director"
7839,1963,229,"actor"
7840,1963,1465,"director"
7841,1963,2203,"actor"
7842,1963,7988,"actor"
7843,1964,40,"actor"
7844,1964,2132,"director"
7845,1964,5365,"actor"
7846,1964,7758,"actor"
7847,1965,430,"director"
7848,1965,1204,"actor"
7849,1965,4533,"actor"
7850,1965,6563,"actor"
7851,1966,40,"director"
7852,1966,4208,"actor"
7853,1966,5176,"actor"
7854,1966,5936,"actor"
7855,1967,1492,"actor"
7856,1967,3283,"actor"
7857,1967,3360,"director"
7858,1967,6547,"actor"
7859,1968,3418,"director"
7860,1968,3618,"actor"
7861,1968,5921,"actor"
7862,1968,7576,"actor"
7863,1969,1201,"actor"
7864,1969,3844,"director"
7865,1969,4213,"actor"
7866,1969,6175,"actor"
7867,1970,806,"actor"
7868,1970,4068,"actor"
7869,1970,5934,"actor"
7870,1970,8107,"director"
7871,1971,711,"actor"
7872,1971,4524,"actor"
7873,1971,5827,"actor"
7874,1971,6314,"director"
7875,1972,1813,"actor"
7876,1972,1899,"actor"
7877,1972,7284,"director"
7878,1972,7659,"actor"
7879,1973,789,"actor"
7880,1973,1895,"director"
7881,1973,2201,"actor"
7882,1973,2456,"actor"
7883,1974,1301,"actor"
7884,1974,1830,"actor"
7885,1974,6437,"director"
7886,1974,8152,"actor"
7887,1975,445,"actor"
7888,1975,2090,"actor"
7889,1975,2798,"actor"
7890,1975,3411,"director"
7891,1976,1080,"director"
7892,1976,3269,"actor"
7893,1976,4135,"actor"
7894,1976,6732,"actor"
7895,1977,863,"actor"
7896,1977,1046,"actor"
7897,1977,1231,"director"
7898,1977,5283,"actor"
7899,1978,947,"actor"
7900,1978,3026,"actor"
7901,1978,3603,"actor"
7902,1978,3815,"director"
7903,1979,797,"actor"
7904,1979,1181,"actor"
7905,1979,7142,"actor"
7906,1979,7382,"director"
7907,1980,1522,"actor"
7908,1980,4613,"actor"
7909,1980,4832,"actor"
7910,1980,6627,"director"
7911,1981,6443,"actor"
7912,1981,6639,"actor"
7913,1981,7480,"actor"
7914,1981,7480,"director"
7915,1982,836,"actor"
7916,1982,2898,"actor"
7917,1982,4013,"director"
7918,1982,6565,"actor"
7919,1983,1481,"actor"
7920,1983,2339,"director"
7921,1983,5004,"actor"
7922,1983,6227,"actor"
7923,1984,1658,"actor"
7924,1984,3423,"actor"
7925,1984,6240,"actor"
7926,1984,6611,"director"
7927,1985,1034,"actor"
7928,1985,1275,"actor"
7929,1985,3558,"actor"
7930,1985,4684,"director"
7931,1986,1938,"actor"
7932,1986,3323,"actor"
7933,1986,4748,"actor"
7934,1986,6353,"director"
7935,1987,4219,"actor"
7936,1987,4599,"actor"
7937,1987,5147,"actor"
7938,1987,5698,"director"
7939,1988,1034,"actor"
7940,1988,1258,"actor"
7941,1988,6173,"director"
7942,1988,6428,"actor"
7943,1989,1130,"actor"
7944,1989,1952,"director"
7945,1989,5762,"actor"
7946,1989,8020,"actor"
7947,1990,304,"actor"
7948,1990,3181,"director"
7949,1990,4228,"actor"
7950,1990,7118,"actor"
7951,1991,1500,"director"
7952,1991,3911,"actor"
7953,1991,7401,"actor"
7954,1991,7883,"actor"
7955,1992,510,"actor"
7956,1992,4041,"actor"
7957,1992,5591,"director"
7958,1992,6291,"actor"
7959,1993,450,"actor"
7960,1993,1865,"actor"
7961,1993,5157,"actor"
7962,1993,8142,"director"
7963,1994,4743,"actor"
7964,1994,6145,"actor"
7965,1994,7852,"director"
7966,1994,8222,"actor"
7967,1995,1216,"director"
7968,1995,3126,"actor"
7969,1995,3721,"actor"
7970,1995,5718,"actor"
7971,1996,2378,"actor"
7972,1996,4022,"actor"
7973,1996,6804,"director"
7974,1996,7031,"actor"
7975,1997,4228,"actor"
7976,1997,4505,"director"
7977,1997,5549,"actor"
7978,1997,6766,"actor"
7979,1998,840,"actor"
7980,1998,1336,"director"
7981,1998,1725,"actor"
7982,1998,7137,"actor"
7983,1999,5167,"actor"
7984,1999,5752,"actor"
7985,1999,7339,"director"
7986,1999,8396,"actor"
7987,2000,1111,"director"
7988,2000,2025,"actor"
7989,2000,3884,"actor"
7990,2000,7082,"actor"
7991,2001,5388,"actor"
7992,2001,5724,"actor"
7993,2001,6382,"actor"
7994,2001,6647,"director"
7995,2002,2523,"director"
7996,2002,5032,"actor"
7997,2002,5163,"actor"
7998,2002,5476,"actor"
7999,2003,1091,"actor"
8000,2003,3203,"actor"
8001,2003,3831,"actor"
8002,2003,4015,"director"
8003,2004,67,"actor"
8004,2004,2035,"actor"
8005,2004,6034,"actor"
8006,2004,6310,"director"
8007,2005,2877,"director"
8008,2005,3227,"actor"
8009,2005,4022,"actor"
8010,2005,6071,"actor"
8011,2006,244,"actor"
8012,2006,1984,"actor"
8013,2006,5614,"director"
8014,2006,6703,"actor"
8015,2007,2667,"director"
8016,2007,2843,"actor"
8017,2007,4708,"actor"
8018,2007,7348,"actor"
8019,2008,1602,"actor"
8020,2008,2306,"actor"
8021,2008,3913,"director"
8022,2008,5808,"actor"
8023,2009,1470,"director"
8024,2009,3651,"actor"
8025,2009,4151,"actor"
8026,2009,4904,"actor"
8027,2010,1560,"actor"
8028,2010,4588,"actor"
8029,2010,4682,"actor"
8030,2010,6992,"director"
8031,2011,1952,"director"
8032,2011,3634,"actor"
8033,2011,6096,"actor"
8034,2011,6565,"actor"
8035,2012,5706,"actor"
8036,2012,5728,"actor"
8037,2012,6652,"director"
8038,2012,7121,"actor"
8039,2013,2708,"director"
8040,2013,3558,"actor"
8041,2013,5485,"actor"
8042,2013,5583,"actor"
8043,2014,2374,"actor"
8044,2014,2956,"actor"
8045,2014,6766,"actor"
8046,2014,7799,"director"
8047,2015,1648,"director"
8048,2015,2858,"actor"
8049,2015,3450,"actor"
8050,2015,5190,"actor"
8051,2016,484,"actor"
8052,2016,1844,"director"
8053,2016,2508,"actor"
8054,2016,2792,"actor"
8055,2017,819,"director"
8056,2017,1159,"actor"
8057,2017,3014,"actor"
8058,2017,6922,"actor"
8059,2018,4656,"actor"
8060,2018,7568,"actor"
8061,2018,8294,"director"
8062,2018,8332,"actor"
8063,2019,73,"actor"
8064,2019,910,"actor"
8065,2019,6149,"director"
8066,2019,7820,"actor"
8067,2020,4038,"actor"
8068,2020,4405,"actor"
8069,2020,5811,"director"
8070,2020,6218,"actor"
8071,2021,220,"actor"
8072,2021,6804,"director"
8073,2021,7031,"actor"
8074,2021,7605,"actor"
8075,2022,878,"director"
8076,2022,5317,"actor"
8077,2022,7238,"actor"
8078,2022,7702,"actor"
8079,2023,2421,"director"
8080,2023,3523,"actor"
8081,2023,5629,"actor"
8082,2023,6150,"actor"
8083,2024,1263,"actor"
8084,2024,2590,"director"
8085,2024,3529,"actor"
8086,2024,4981,"actor"
8087,2025,2891,"actor"
8088,2025,4070,"actor"
8089,2025,4070,"director"
8090,2025,6582,"actor"
8091,2026,528,"director"
8092,2026,1053,"actor"
8093,2026,1517,"actor"
8094,2026,7906,"actor"
8095,2027,1147,"actor"
8096,2027,4089,"director"
8097,2027,5028,"actor"
8098,2027,5931,"actor"
8099,2028,2024,"director"
8100,2028,5157,"actor"
8101,2028,5168,"actor"
8102,2028,7434,"actor"
8103,2029,2269,"director"
8104,2029,2280,"actor"
8105,2029,4369,"actor"
8106,2029,7322,"actor"
8107,2030,1047,"actor"
8108,2030,2707,"director"
8109,2030,4588,"actor"
8110,2030,5978,"actor"
8111,2031,483,"actor"
8112,2031,1293,"actor"
8113,2031,8130,"actor"
8114,2031,8130,"director"
8115,2032,845,"director"
8116,2032,4439,"actor"
8117,2032,7192,"actor"
8118,2032,7398,"actor"
8119,2033,2456,"actor"
8120,2033,6227,"actor"
8121,2033,7283,"actor"
8122,2033,8193,"director"
8123,2034,2857,"actor"
8124,2034,4034,"director"
8125,2034,6574,"actor"
8126,2034,7680,"actor"
8127,2035,736,"actor"
8128,2035,1473,"director"
8129,2035,5437,"actor"
8130,2035,5845,"actor"
8131,2036,5096,"actor"
8132,2036,5239,"actor"
8133,2036,6448,"actor"
8134,2036,6734,"director"
8135,2037,40,"actor"
8136,2037,4082,"director"
8137,2037,4208,"actor"
8138,2037,7940,"actor"
8139,2038,1544,"actor"
8140,2038,3602,"actor"
8141,2038,6589,"actor"
8142,2038,8249,"director"
8143,2039,1258,"actor"
8144,2039,2498,"director"
8145,2039,3482,"actor"
8146,2039,3770,"actor"
8147,2040,2956,"actor"
8148,2040,6364,"actor"
8149,2040,7522,"director"
8150,2040,7950,"actor"
8151,2041,1214,"actor"
8152,2041,2266,"director"
8153,2041,7870,"actor"
8154,2041,7948,"actor"
8155,2042,3458,"actor"
8156,2042,5401,"actor"
8157,2042,7473,"director"
8158,2042,7941,"actor"
8159,2043,146,"director"
8160,2043,4352,"actor"
8161,2043,4538,"actor"
8162,2043,5316,"actor"
8163,2044,44,"actor"
8164,2044,189,"actor"
8165,2044,1490,"actor"
8166,2044,3741,"director"
8167,2045,745,"actor"
8168,2045,810,"actor"
8169,2045,6071,"actor"
8170,2045,6316,"director"
8171,2046,1696,"actor"
8172,2046,3042,"actor"
8173,2046,4666,"director"
8174,2046,7485,"actor"
8175,2047,1535,"actor"
8176,2047,2455,"actor"
8177,2047,4666,"director"
8178,2047,5994,"actor"
8179,2048,508,"actor"
8180,2048,2872,"director"
8181,2048,4229,"actor"
8182,2048,4747,"actor"
8183,2049,5496,"director"
8184,2049,6986,"actor"
8185,2049,7883,"actor"
8186,2049,8359,"actor"
8187,2050,734,"actor"
8188,2050,980,"director"
8189,2050,3020,"actor"
8190,2050,5181,"actor"
8191,2051,775,"actor"
8192,2051,1609,"actor"
8193,2051,4588,"actor"
8194,2051,4639,"director"
8195,2052,153,"actor"
8196,2052,728,"actor"
8197,2052,4709,"actor"
8198,2052,6678,"director"
8199,2053,415,"director"
8200,2053,4610,"actor"
8201,2053,5834,"actor"
8202,2053,8154,"actor"
8203,2054,2197,"actor"
8204,2054,2493,"actor"
8205,2054,6280,"director"
8206,2054,6922,"actor"
8207,2055,244,"actor"
8208,2055,4417,"director"
8209,2055,6765,"actor"
8210,2055,6835,"actor"
8211,2056,1263,"actor"
8212,2056,1526,"actor"
8213,2056,3978,"actor"
8214,2056,6005,"director"
8215,2057,3827,"actor"
8216,2057,6240,"actor"
8217,2057,6295,"actor"
8218,2057,7894,"director"
8219,2058,681,"actor"
8220,2058,1235,"actor"
8221,2058,5636,"actor"
8222,2058,7603,"director"
8223,2059,154,"actor"
8224,2059,3050,"actor"
8225,2059,6381,"director"
8226,2059,7159,"actor"
8227,2060,1432,"actor"
8228,2060,2600,"actor"
8229,2060,5852,"director"
8230,2060,6657,"actor"
8231,2061,1178,"director"
8232,2061,3079,"actor"
8233,2061,4584,"actor"
8234,2061,7108,"actor"
8235,2062,1448,"actor"
8236,2062,1752,"director"
8237,2062,2614,"actor"
8238,2062,8135,"actor"
8239,2063,2461,"actor"
8240,2063,2798,"actor"
8241,2063,6234,"actor"
8242,2063,6629,"director"
8243,2064,948,"actor"
8244,2064,3837,"actor"
8245,2064,4520,"director"
8246,2064,5895,"actor"
8247,2065,4553,"director"
8248,2065,4825,"actor"
8249,2065,7388,"actor"
8250,2065,8004,"actor"
8251,2066,2692,"actor"
8252,2066,3315,"actor"
8253,2066,4720,"director"
8254,2066,7845,"actor"
8255,2067,614,"director"
8256,2067,4861,"actor"
8257,2067,5173,"actor"
8258,2067,6513,"actor"
8259,2068,4512,"actor"
8260,2068,4770,"director"
8261,2068,7250,"actor"
8262,2068,7393,"actor"
8263,2069,940,"actor"
8264,2069,1900,"actor"
8265,2069,2802,"actor"
8266,2069,3854,"director"
8267,2070,1522,"actor"
8268,2070,2014,"director"
8269,2070,4439,"actor"
8270,2070,6032,"actor"
8271,2071,2848,"director"
8272,2071,3253,"actor"
8273,2071,4706,"actor"
8274,2071,8014,"actor"
8275,2072,240,"actor"
8276,2072,2620,"actor"
8277,2072,3321,"director"
8278,2072,4948,"actor"
8279,2073,4228,"actor"
8280,2073,4544,"actor"
8281,2073,4869,"actor"
8282,2073,6741,"director"
8283,2074,15,"actor"
8284,2074,1032,"actor"
8285,2074,1062,"director"
8286,2074,3112,"actor"
8287,2075,1365,"actor"
8288,2075,2716,"director"
8289,2075,3613,"actor"
8290,2075,4208,"actor"
8291,2076,4303,"director"
8292,2076,4826,"actor"
8293,2076,5056,"actor"
8294,2076,7938,"actor"
8295,2077,52,"actor"
8296,2077,280,"actor"
8297,2077,6293,"actor"
8298,2077,6343,"director"
8299,2078,1662,"actor"
8300,2078,4242,"actor"
8301,2078,4850,"actor"
8302,2078,5212,"director"
8303,2079,5320,"actor"
8304,2079,5565,"director"
8305,2079,6835,"actor"
8306,2079,7371,"actor"
8307,2080,164,"actor"
8308,2080,363,"actor"
8309,2080,2008,"actor"
8310,2080,3543,"director"
8311,2081,960,"director"
8312,2081,1352,"actor"
8313,2081,2110,"actor"
8314,2081,7031,"actor"
8315,2082,1242,"actor"
8316,2082,1242,"director"
8317,2082,6059,"actor"
8318,2082,7786,"actor"
8319,2083,1716,"actor"
8320,2083,1877,"actor"
8321,2083,2617,"actor"
8322,2083,4495,"director"
8323,2084,445,"actor"
8324,2084,514,"actor"
8325,2084,966,"actor"
8326,2084,6037,"director"
8327,2085,1243,"director"
8328,2085,3423,"actor"
8329,2085,5887,"actor"
8330,2085,6059,"actor"
8331,2086,1981,"actor"
8332,2086,3936,"director"
8333,2086,5296,"actor"
8334,2086,6382,"actor"
8335,2087,1035,"actor"
8336,2087,4101,"actor"
8337,2087,5475,"actor"
8338,2087,5801,"director"
8339,2088,2198,"director"
8340,2088,4027,"actor"
8341,2088,5902,"actor"
8342,2088,7027,"actor"
8343,2089,47,"director"
8344,2089,1765,"actor"
8345,2089,7494,"actor"
8346,2089,8222,"actor"
8347,2090,1197,"actor"
8348,2090,2595,"director"
8349,2090,3736,"actor"
8350,2090,7497,"actor"
8351,2091,1197,"actor"
8352,2091,2595,"director"
8353,2091,3736,"actor"
8354,2091,7497,"actor"
8355,2092,2647,"actor"
8356,2092,4397,"director"
8357,2092,5580,"actor"
8358,2092,5965,"actor"
8359,2093,1526,"actor"
8360,2093,6233,"director"
8361,2093,6513,"actor"
8362,2093,7082,"actor"
8363,2094,3002,"actor"
8364,2094,4466,"actor"
8365,2094,4535,"director"
8366,2094,7200,"actor"
8367,2095,163,"actor"
8368,2095,5155,"actor"
8369,2095,6652,"director"
8370,2095,8083,"actor"
8371,2096,3192,"director"
8372,2096,4250,"actor"
8373,2096,5735,"actor"
8374,2096,7273,"actor"
8375,2097,860,"actor"
8376,2097,938,"actor"
8377,2097,4538,"actor"
8378,2097,4538,"director"
8379,2098,494,"actor"
8380,2098,1095,"actor"
8381,2098,1745,"actor"
8382,2098,4076,"director"
8383,2099,1924,"director"
8384,2099,3974,"actor"
8385,2099,5842,"actor"
8386,2099,6996,"actor"
8387,2100,100,"actor"
8388,2100,3649,"actor"
8389,2100,6199,"actor"
8390,2100,6935,"director"
8391,2101,8,"actor"
8392,2101,882,"director"
8393,2101,4868,"actor"
8394,2101,8148,"actor"
8395,2102,1723,"director"
8396,2102,3609,"actor"
8397,2102,6141,"actor"
8398,2102,7664,"actor"
8399,2103,540,"actor"
8400,2103,2937,"director"
8401,2103,3160,"actor"
8402,2103,5255,"actor"
8403,2104,691,"director"
8404,2104,1203,"actor"
8405,2104,1522,"actor"
8406,2104,3736,"actor"
8407,2105,674,"director"
8408,2105,1562,"actor"
8409,2105,4509,"actor"
8410,2105,4621,"actor"
8411,2106,189,"actor"
8412,2106,1416,"actor"
8413,2106,2568,"actor"
8414,2106,6410,"director"
8415,2107,1916,"director"
8416,2107,6620,"actor"
8417,2107,8051,"actor"
8418,2107,8219,"actor"
8419,2108,418,"director"
8420,2108,486,"actor"
8421,2108,7421,"actor"
8422,2108,7705,"actor"
8423,2109,418,"director"
8424,2109,486,"actor"
8425,2109,7421,"actor"
8426,2109,7705,"actor"
8427,2110,1275,"actor"
8428,2110,3283,"actor"
8429,2110,3404,"actor"
8430,2110,3836,"director"
8431,2111,682,"actor"
8432,2111,2118,"actor"
8433,2111,5056,"actor"
8434,2111,6049,"director"
8435,2112,1527,"actor"
8436,2112,4219,"actor"
8437,2112,5699,"director"
8438,2112,5830,"actor"
8439,2113,1016,"actor"
8440,2113,3499,"actor"
8441,2113,3499,"director"
8442,2113,4865,"actor"
8443,2114,1970,"actor"
8444,2114,3276,"actor"
8445,2114,5563,"director"
8446,2114,7870,"actor"
8447,2115,39,"actor"
8448,2115,1138,"actor"
8449,2115,2860,"actor"
8450,2115,7103,"director"
8451,2116,1793,"actor"
8452,2116,1968,"actor"
8453,2116,5559,"director"
8454,2116,5889,"actor"
8455,2117,2110,"actor"
8456,2117,3609,"actor"
8457,2117,4926,"actor"
8458,2117,6205,"director"
8459,2118,2110,"actor"
8460,2118,3609,"actor"
8461,2118,4926,"actor"
8462,2118,6205,"director"
8463,2119,439,"director"
8464,2119,2742,"actor"
8465,2119,4107,"actor"
8466,2119,7144,"actor"
8467,2120,4544,"actor"
8468,2120,5427,"actor"
8469,2120,8013,"actor"
8470,2120,8362,"director"
8471,2121,4544,"actor"
8472,2121,5427,"actor"
8473,2121,8013,"actor"
8474,2121,8362,"director"
8475,2122,3175,"director"
8476,2122,4415,"actor"
8477,2122,4524,"actor"
8478,2122,7086,"actor"
8479,2123,2713,"actor"
8480,2123,2773,"actor"
8481,2123,6092,"actor"
8482,2123,7254,"director"
8483,2124,2798,"actor"
8484,2124,3236,"actor"
8485,2124,7271,"actor"
8486,2124,7329,"director"
8487,2125,1349,"actor"
8488,2125,5485,"actor"
8489,2125,7765,"director"
8490,2125,8255,"actor"
8491,2126,1565,"actor"
8492,2126,5102,"actor"
8493,2126,5361,"director"
8494,2126,5422,"actor"
8495,2127,1623,"actor"
8496,2127,1761,"actor"
8497,2127,1824,"actor"
8498,2127,6403,"director"
8499,2128,2691,"actor"
8500,2128,3846,"actor"
8501,2128,6527,"director"
8502,2128,7475,"actor"
8503,2129,2691,"actor"
8504,2129,3846,"actor"
8505,2129,6527,"director"
8506,2129,7475,"actor"
8507,2130,230,"actor"
8508,2130,1056,"actor"
8509,2130,6030,"director"
8510,2130,7755,"actor"
8511,2131,493,"actor"
8512,2131,3790,"actor"
8513,2131,7497,"actor"
8514,2131,7923,"director"
8515,2132,343,"actor"
8516,2132,563,"actor"
8517,2132,667,"director"
8518,2132,7043,"actor"
8519,2133,4352,"actor"
8520,2133,4599,"actor"
8521,2133,5631,"director"
8522,2133,7915,"actor"
8523,2134,4439,"actor"
8524,2134,5504,"director"
8525,2134,6707,"actor"
8526,2134,8394,"actor"
8527,2135,3264,"actor"
8528,2135,3576,"director"
8529,2135,5317,"actor"
8530,2135,7167,"actor"
8531,2136,139,"actor"
8532,2136,3206,"actor"
8533,2136,3323,"actor"
8534,2136,6584,"director"
8535,2137,5576,"director"
8536,2137,6075,"actor"
8537,2137,6695,"actor"
8538,2137,7545,"actor"
8539,2138,39,"actor"
8540,2138,253,"actor"
8541,2138,3269,"actor"
8542,2138,4606,"director"
8543,2139,254,"actor"
8544,2139,1690,"actor"
8545,2139,3855,"director"
8546,2139,5933,"actor"
8547,2140,1389,"actor"
8548,2140,2127,"actor"
8549,2140,2235,"actor"
8550,2140,2238,"director"
8551,2141,4022,"actor"
8552,2141,4352,"actor"
8553,2141,4436,"actor"
8554,2141,5095,"director"
8555,2142,2022,"actor"
8556,2142,3977,"director"
8557,2142,5730,"actor"
8558,2142,7941,"actor"
8559,2143,1526,"actor"
8560,2143,3137,"actor"
8561,2143,4001,"director"
8562,2143,4747,"actor"
8563,2144,572,"actor"
8564,2144,3725,"actor"
8565,2144,5618,"actor"
8566,2144,8349,"director"
8567,2145,797,"actor"
8568,2145,5189,"actor"
8569,2145,5575,"actor"
8570,2145,6312,"director"
8571,2146,3784,"actor"
8572,2146,6875,"actor"
8573,2146,7354,"actor"
8574,2146,7899,"director"
8575,2147,1095,"actor"
8576,2147,5788,"actor"
8577,2147,5923,"director"
8578,2147,6764,"actor"
8579,2148,18,"actor"
8580,2148,4633,"actor"
8581,2148,6869,"director"
8582,2148,6952,"actor"
8583,2149,1746,"director"
8584,2149,2461,"actor"
8585,2149,2634,"actor"
8586,2149,6240,"actor"
8587,2150,243,"director"
8588,2150,1714,"actor"
8589,2150,2706,"actor"
8590,2150,6961,"actor"
8591,2151,994,"actor"
8592,2151,2933,"director"
8593,2151,3305,"actor"
8594,2151,6958,"actor"
8595,2152,3218,"actor"
8596,2152,3823,"director"
8597,2152,6334,"actor"
8598,2152,8120,"actor"
8599,2153,2651,"actor"
8600,2153,6926,"actor"
8601,2153,7492,"actor"
8602,2153,8223,"director"
8603,2154,2110,"actor"
8604,2154,2949,"actor"
8605,2154,7395,"actor"
8606,2154,7716,"director"
8607,2155,1846,"director"
8608,2155,2604,"actor"
8609,2155,5202,"actor"
8610,2155,6834,"actor"
8611,2156,424,"actor"
8612,2156,7626,"actor"
8613,2156,8324,"director"
8614,2156,8382,"actor"
8615,2157,843,"actor"
8616,2157,1371,"actor"
8617,2157,3013,"director"
8618,2157,3524,"actor"
8619,2158,1904,"director"
8620,2158,3185,"actor"
8621,2158,4849,"actor"
8622,2158,5818,"actor"
8623,2159,206,"director"
8624,2159,1038,"actor"
8625,2159,1298,"actor"
8626,2159,8230,"actor"
8627,2160,1669,"director"
8628,2160,4584,"actor"
8629,2160,4688,"actor"
8630,2160,6986,"actor"
8631,2161,2022,"actor"
8632,2161,6236,"director"
8633,2161,7142,"actor"
8634,2161,8013,"actor"
8635,2162,2658,"actor"
8636,2162,3879,"actor"
8637,2162,8370,"actor"
8638,2162,8370,"director"
8639,2163,4348,"actor"
8640,2163,5522,"director"
8641,2163,5874,"actor"
8642,2163,6209,"actor"
8643,2164,2753,"actor"
8644,2164,4537,"director"
8645,2164,5702,"actor"
8646,2164,7475,"actor"
8647,2165,1413,"director"
8648,2165,7240,"actor"
8649,2165,7259,"actor"
8650,2165,8067,"actor"
8651,2166,5493,"actor"
8652,2166,5587,"actor"
8653,2166,6437,"director"
8654,2166,8152,"actor"
8655,2167,783,"director"
8656,2167,2203,"actor"
8657,2167,4832,"actor"
8658,2167,6034,"actor"
8659,2168,1297,"actor"
8660,2168,6435,"actor"
8661,2168,7307,"actor"
8662,2168,7451,"director"
8663,2169,812,"actor"
8664,2169,3222,"actor"
8665,2169,3501,"actor"
8666,2169,3511,"director"
8667,2170,2569,"actor"
8668,2170,5679,"actor"
8669,2170,5997,"actor"
8670,2170,6314,"director"
8671,2171,3401,"actor"
8672,2171,5374,"director"
8673,2171,7028,"actor"
8674,2171,7886,"actor"
8675,2172,1797,"actor"
8676,2172,3079,"actor"
8677,2172,4539,"actor"
8678,2172,5924,"director"
8679,2173,1482,"actor"
8680,2173,3071,"actor"
8681,2173,4113,"director"
8682,2173,6003,"actor"
8683,2174,2025,"actor"
8684,2174,2814,"actor"
8685,2174,6468,"actor"
8686,2174,7960,"director"
8687,2175,1172,"actor"
8688,2175,4170,"director"
8689,2175,8286,"actor"
8690,2175,8321,"actor"
8691,2176,3261,"director"
8692,2176,6914,"actor"
8693,2176,7167,"actor"
8694,2176,7992,"actor"
8695,2177,343,"actor"
8696,2177,5222,"director"
8697,2177,5869,"actor"
8698,2177,7824,"actor"
8699,2178,843,"actor"
8700,2178,3510,"director"
8701,2178,6764,"actor"
8702,2178,7710,"actor"
8703,2179,1500,"actor"
8704,2179,1500,"director"
8705,2179,5676,"actor"
8706,2179,5777,"actor"
8707,2180,1497,"actor"
8708,2180,2271,"actor"
8709,2180,4904,"actor"
8710,2180,6584,"director"
8711,2181,2229,"actor"
8712,2181,2723,"director"
8713,2181,4475,"actor"
8714,2181,5979,"actor"
8715,2182,749,"actor"
8716,2182,1244,"director"
8717,2182,1348,"actor"
8718,2182,6227,"actor"
8719,2183,638,"actor"
8720,2183,1289,"director"
8721,2183,5239,"actor"
8722,2183,5542,"actor"
8723,2184,982,"actor"
8724,2184,3876,"actor"
8725,2184,4042,"actor"
8726,2184,4042,"director"
8727,2185,1958,"actor"
8728,2185,5831,"actor"
8729,2185,6092,"actor"
8730,2185,6249,"director"
8731,2186,2074,"actor"
8732,2186,3439,"director"
8733,2186,4041,"actor"
8734,2186,4044,"actor"
8735,2187,503,"actor"
8736,2187,572,"actor"
8737,2187,4061,"director"
8738,2187,5941,"actor"
8739,2188,869,"actor"
8740,2188,2014,"director"
8741,2188,5293,"actor"
8742,2188,6703,"actor"
8743,2189,181,"actor"
8744,2189,4609,"actor"
8745,2189,7822,"director"
8746,2189,8380,"actor"
8747,2190,326,"actor"
8748,2190,489,"actor"
8749,2190,2899,"director"
8750,2190,5997,"actor"
8751,2191,910,"actor"
8752,2191,4219,"actor"
8753,2191,5722,"actor"
8754,2191,7539,"director"
8755,2192,2383,"actor"
8756,2192,5507,"actor"
8757,2192,7619,"director"
8758,2192,7665,"actor"
8759,2193,2096,"actor"
8760,2193,2551,"actor"
8761,2193,4209,"actor"
8762,2193,4928,"director"
8763,2194,1517,"actor"
8764,2194,4429,"actor"
8765,2194,6174,"director"
8766,2194,7888,"actor"
8767,2195,567,"actor"
8768,2195,5985,"actor"
8769,2195,7230,"actor"
8770,2195,7591,"director"
8771,2196,1161,"actor"
8772,2196,1935,"actor"
8773,2196,7251,"actor"
8774,2196,7251,"director"
8775,2197,100,"actor"
8776,2197,3427,"actor"
8777,2197,5290,"director"
8778,2197,6080,"actor"
8779,2198,3478,"actor"
8780,2198,6032,"actor"
8781,2198,6547,"actor"
8782,2198,7198,"director"
8783,2199,317,"actor"
8784,2199,2519,"actor"
8785,2199,2686,"director"
8786,2199,7398,"actor"
8787,2200,885,"actor"
8788,2200,1610,"actor"
8789,2200,3002,"actor"
8790,2200,7674,"director"
8791,2201,225,"director"
8792,2201,5680,"actor"
8793,2201,5712,"actor"
8794,2201,7755,"actor"
8795,2202,2669,"actor"
8796,2202,2808,"actor"
8797,2202,4661,"actor"
8798,2202,7410,"director"
8799,2203,35,"actor"
8800,2203,1101,"actor"
8801,2203,2876,"actor"
8802,2203,5569,"director"
8803,2204,970,"director"
8804,2204,2472,"actor"
8805,2204,5032,"actor"
8806,2204,6146,"actor"
8807,2205,259,"director"
8808,2205,608,"actor"
8809,2205,3699,"actor"
8810,2205,3782,"actor"
8811,2206,3388,"director"
8812,2206,5527,"actor"
8813,2206,5769,"actor"
8814,2206,7289,"actor"
8815,2207,4854,"actor"
8816,2207,6477,"director"
8817,2207,7115,"actor"
8818,2207,7780,"actor"
8819,2208,1242,"actor"
8820,2208,1879,"director"
8821,2208,4022,"actor"
8822,2208,7816,"actor"
8823,2209,810,"actor"
8824,2209,2117,"director"
8825,2209,2967,"actor"
8826,2209,3458,"actor"
8827,2210,4878,"actor"
8828,2210,5917,"actor"
8829,2210,6058,"actor"
8830,2210,6289,"director"
8831,2211,445,"actor"
8832,2211,774,"director"
8833,2211,5263,"actor"
8834,2211,6764,"actor"
8835,2212,2207,"actor"
8836,2212,2249,"director"
8837,2212,6344,"actor"
8838,2212,6473,"actor"
8839,2213,3490,"actor"
8840,2213,5387,"director"
8841,2213,7597,"actor"
8842,2213,7733,"actor"
8843,2214,1167,"director"
8844,2214,2660,"actor"
8845,2214,4355,"actor"
8846,2214,5643,"actor"
8847,2215,382,"director"
8848,2215,1555,"actor"
8849,2215,3625,"actor"
8850,2215,6959,"actor"
8851,2216,222,"director"
8852,2216,5028,"actor"
8853,2216,6147,"actor"
8854,2216,8148,"actor"
8855,2217,445,"actor"
8856,2217,638,"actor"
8857,2217,4491,"director"
8858,2217,4726,"actor"
8859,2218,220,"actor"
8860,2218,3123,"actor"
8861,2218,3832,"director"
8862,2218,7494,"actor"
8863,2219,3715,"director"
8864,2219,5751,"actor"
8865,2219,7379,"actor"
8866,2219,7860,"actor"
8867,2220,52,"actor"
8868,2220,3352,"director"
8869,2220,6252,"actor"
8870,2220,7124,"actor"
8871,2221,3218,"actor"
8872,2221,3338,"actor"
8873,2221,4599,"actor"
8874,2221,7052,"director"
8875,2222,1130,"actor"
8876,2222,2635,"actor"
8877,2222,7379,"actor"
8878,2222,7852,"director"
8879,2223,4390,"director"
8880,2223,6825,"actor"
8881,2223,6917,"actor"
8882,2223,8255,"actor"
8883,2224,265,"actor"
8884,2224,4611,"actor"
8885,2224,5113,"director"
8886,2224,6810,"actor"
8887,2225,301,"actor"
8888,2225,318,"actor"
8889,2225,1283,"actor"
8890,2225,5781,"director"
8891,2226,849,"director"
8892,2226,6354,"actor"
8893,2226,7148,"actor"
8894,2226,8056,"actor"
8895,2227,2210,"director"
8896,2227,3002,"actor"
8897,2227,4501,"actor"
8898,2227,8264,"actor"
8899,2228,822,"actor"
8900,2228,2139,"actor"
8901,2228,3516,"director"
8902,2228,5718,"actor"
8903,2229,3670,"actor"
8904,2229,4445,"actor"
8905,2229,5850,"actor"
8906,2229,7813,"director"
8907,2230,3654,"actor"
8908,2230,5385,"actor"
8909,2230,7994,"actor"
8910,2230,7994,"director"
8911,2231,2022,"actor"
8912,2231,3956,"director"
8913,2231,4109,"actor"
8914,2231,5091,"actor"
8915,2232,2022,"actor"
8916,2232,3956,"director"
8917,2232,4109,"actor"
8918,2232,5091,"actor"
8919,2233,53,"actor"
8920,2233,2568,"actor"
8921,2233,4792,"actor"
8922,2233,5263,"director"
8923,2234,413,"actor"
8924,2234,2750,"director"
8925,2234,5777,"actor"
8926,2234,8283,"actor"
8927,2235,4741,"director"
8928,2235,5092,"actor"
8929,2235,6514,"actor"
8930,2235,8256,"actor"
8931,2236,3780,"actor"
8932,2236,5317,"actor"
8933,2236,6019,"actor"
8934,2236,6202,"director"
8935,2237,2499,"actor"
8936,2237,2796,"actor"
8937,2237,5286,"director"
8938,2237,6764,"actor"
8939,2238,1095,"actor"
8940,2238,2386,"director"
8941,2238,2416,"actor"
8942,2238,4914,"actor"
8943,2239,751,"actor"
8944,2239,1340,"director"
8945,2239,4788,"actor"
8946,2239,5170,"actor"
8947,2240,1402,"director"
8948,2240,2585,"actor"
8949,2240,2800,"actor"
8950,2240,3527,"actor"
8951,2241,218,"actor"
8952,2241,1390,"actor"
8953,2241,1939,"director"
8954,2241,8122,"actor"
8955,2242,2511,"actor"
8956,2242,3601,"actor"
8957,2242,4672,"director"
8958,2242,8135,"actor"
8959,2243,2022,"actor"
8960,2243,3286,"actor"
8961,2243,6871,"director"
8962,2243,7214,"actor"
8963,2244,1341,"actor"
8964,2244,3267,"actor"
8965,2244,5002,"director"
8966,2244,7814,"actor"
8967,2245,1492,"actor"
8968,2245,7115,"actor"
8969,2245,7624,"director"
8970,2245,7689,"actor"
8971,2246,4974,"director"
8972,2246,5132,"actor"
8973,2246,5464,"actor"
8974,2246,5477,"actor"
8975,2247,6873,"director"
8976,2247,7118,"actor"
8977,2247,7458,"actor"
8978,2247,7474,"actor"
8979,2248,901,"director"
8980,2248,1599,"actor"
8981,2248,3079,"actor"
8982,2248,4939,"actor"
8983,2249,2460,"director"
8984,2249,3218,"actor"
8985,2249,7475,"actor"
8986,2249,7885,"actor"
8987,2250,2857,"actor"
8988,2250,3573,"director"
8989,2250,5352,"actor"
8990,2250,7780,"actor"
8991,2251,3227,"actor"
8992,2251,4022,"actor"
8993,2251,4724,"director"
8994,2251,6625,"actor"
8995,2252,463,"actor"
8996,2252,797,"actor"
8997,2252,5359,"actor"
8998,2252,8206,"director"
8999,2253,900,"director"
9000,2253,1371,"actor"
9001,2253,3618,"actor"
9002,2253,6560,"actor"
9003,2254,2025,"actor"
9004,2254,2148,"actor"
9005,2254,4073,"director"
9006,2254,4125,"actor"
9007,2255,125,"actor"
9008,2255,4613,"actor"
9009,2255,5035,"actor"
9010,2255,5595,"director"
9011,2256,2731,"actor"
9012,2256,4503,"actor"
9013,2256,5918,"director"
9014,2256,6988,"actor"
9015,2257,1399,"actor"
9016,2257,3100,"actor"
9017,2257,5063,"actor"
9018,2257,5433,"director"
9019,2258,2798,"actor"
9020,2258,3854,"director"
9021,2258,5724,"actor"
9022,2258,5731,"actor"
9023,2259,2231,"actor"
9024,2259,6342,"actor"
9025,2259,6822,"director"
9026,2259,7885,"actor"
9027,2260,2048,"actor"
9028,2260,5005,"actor"
9029,2260,5244,"director"
9030,2260,5731,"actor"
9031,2261,493,"actor"
9032,2261,2686,"director"
9033,2261,3032,"actor"
9034,2261,6525,"actor"
9035,2262,2234,"actor"
9036,2262,4077,"director"
9037,2262,4706,"actor"
9038,2262,5115,"actor"
9039,2263,174,"director"
9040,2263,693,"actor"
9041,2263,4918,"actor"
9042,2263,7638,"actor"
9043,2264,786,"actor"
9044,2264,6843,"actor"
9045,2264,7142,"actor"
9046,2264,7461,"director"
9047,2265,2610,"director"
9048,2265,4050,"actor"
9049,2265,5352,"actor"
9050,2265,6854,"actor"
9051,2266,669,"actor"
9052,2266,1298,"actor"
9053,2266,7540,"director"
9054,2266,7885,"actor"
9055,2267,1063,"actor"
9056,2267,4208,"actor"
9057,2267,5027,"director"
9058,2267,8256,"actor"
9059,2268,1053,"actor"
9060,2268,3091,"director"
9061,2268,5369,"actor"
9062,2268,5841,"actor"
9063,2269,942,"actor"
9064,2269,2400,"actor"
9065,2269,6971,"director"
9066,2269,7774,"actor"
9067,2270,920,"actor"
9068,2270,4075,"director"
9069,2270,6383,"actor"
9070,2270,7393,"actor"
9071,2271,1392,"actor"
9072,2271,1689,"actor"
9073,2271,3501,"actor"
9074,2271,4138,"director"
9075,2272,910,"actor"
9076,2272,4224,"actor"
9077,2272,6071,"actor"
9078,2272,8291,"director"
9079,2273,1856,"actor"
9080,2273,3528,"actor"
9081,2273,3532,"director"
9082,2273,6013,"actor"
9083,2274,4840,"actor"
9084,2274,5726,"director"
9085,2274,6861,"actor"
9086,2274,6885,"actor"
9087,2275,540,"actor"
9088,2275,6425,"actor"
9089,2275,7241,"actor"
9090,2275,8311,"director"
9091,2276,2237,"actor"
9092,2276,3157,"actor"
9093,2276,5690,"director"
9094,2276,7028,"actor"
9095,2277,601,"actor"
9096,2277,2197,"actor"
9097,2277,4496,"director"
9098,2277,5493,"actor"
9099,2278,2132,"director"
9100,2278,5381,"actor"
9101,2278,6534,"actor"
9102,2278,6707,"actor"
9103,2279,575,"actor"
9104,2279,2276,"actor"
9105,2279,5232,"actor"
9106,2279,8237,"director"
9107,2280,1016,"actor"
9108,2280,1075,"actor"
9109,2280,3281,"actor"
9110,2280,4411,"director"
9111,2281,1411,"actor"
9112,2281,3704,"actor"
9113,2281,5185,"actor"
9114,2281,6217,"director"
9115,2282,1411,"actor"
9116,2282,3704,"actor"
9117,2282,5185,"actor"
9118,2282,6217,"director"
9119,2283,619,"actor"
9120,2283,4038,"actor"
9121,2283,4599,"actor"
9122,2283,6653,"director"
9123,2284,2691,"actor"
9124,2284,5850,"actor"
9125,2284,6785,"director"
9126,2284,7963,"actor"
9127,2285,539,"actor"
9128,2285,892,"actor"
9129,2285,7146,"actor"
9130,2285,7528,"director"
9131,2286,1499,"actor"
9132,2286,4576,"actor"
9133,2286,4926,"actor"
9134,2286,5605,"director"
9135,2287,3780,"actor"
9136,2287,7030,"director"
9137,2287,7324,"actor"
9138,2287,7438,"actor"
9139,2288,1358,"director"
9140,2288,3612,"actor"
9141,2288,5236,"actor"
9142,2288,7505,"actor"
9143,2289,1136,"actor"
9144,2289,2154,"director"
9145,2289,2319,"actor"
9146,2289,5672,"actor"
9147,2290,1836,"director"
9148,2290,4651,"actor"
9149,2290,8120,"actor"
9150,2290,8256,"actor"
9151,2291,102,"actor"
9152,2291,3378,"actor"
9153,2291,5958,"director"
9154,2291,8026,"actor"
9155,2292,1183,"actor"
9156,2292,1910,"actor"
9157,2292,3597,"actor"
9158,2292,6315,"director"
9159,2293,1258,"actor"
9160,2293,4330,"director"
9161,2293,6126,"actor"
9162,2293,7395,"actor"
9163,2294,1182,"actor"
9164,2294,1782,"actor"
9165,2294,4320,"actor"
9166,2294,8042,"director"
9167,2295,1580,"director"
9168,2295,3323,"actor"
9169,2295,7371,"actor"
9170,2295,8083,"actor"
9171,2296,1103,"actor"
9172,2296,4700,"director"
9173,2296,5016,"actor"
9174,2296,5777,"actor"
9175,2297,989,"director"
9176,2297,3505,"actor"
9177,2297,5887,"actor"
9178,2297,7975,"actor"
9179,2298,972,"actor"
9180,2298,2173,"actor"
9181,2298,3108,"actor"
9182,2298,3530,"director"
9183,2299,1371,"actor"
9184,2299,1430,"director"
9185,2299,4832,"actor"
9186,2299,5777,"actor"
9187,2300,1392,"actor"
9188,2300,1970,"actor"
9189,2300,2197,"actor"
9190,2300,2498,"director"
9191,2301,244,"actor"
9192,2301,803,"director"
9193,2301,4492,"actor"
9194,2301,4893,"actor"
9195,2302,1451,"actor"
9196,2302,2480,"actor"
9197,2302,4997,"actor"
9198,2302,8196,"director"
9199,2303,5410,"actor"
9200,2303,5586,"actor"
9201,2303,8033,"actor"
9202,2303,8042,"director"
9203,2304,673,"actor"
9204,2304,1239,"actor"
9205,2304,7374,"actor"
9206,2304,7464,"director"
9207,2305,943,"actor"
9208,2305,2201,"actor"
9209,2305,5579,"actor"
9210,2305,7580,"director"
9211,2306,430,"director"
9212,2306,493,"actor"
9213,2306,3020,"actor"
9214,2306,3286,"actor"
9215,2307,1401,"director"
9216,2307,2008,"actor"
9217,2307,2371,"actor"
9218,2307,3191,"actor"
9219,2308,732,"director"
9220,2308,4644,"actor"
9221,2308,5545,"actor"
9222,2308,6382,"actor"
9223,2309,2248,"actor"
9224,2309,3132,"actor"
9225,2309,5877,"director"
9226,2309,6441,"actor"
9227,2310,1422,"actor"
9228,2310,1877,"actor"
9229,2310,4022,"actor"
9230,2310,7782,"director"
9231,2311,54,"director"
9232,2311,297,"actor"
9233,2311,7676,"actor"
9234,2311,7914,"actor"
9235,2312,346,"actor"
9236,2312,1184,"actor"
9237,2312,2634,"actor"
9238,2312,5191,"director"
9239,2313,2984,"director"
9240,2313,7015,"actor"
9241,2313,7328,"actor"
9242,2313,8393,"actor"
9243,2314,458,"actor"
9244,2314,2375,"actor"
9245,2314,7570,"actor"
9246,2314,8150,"director"
9247,2315,1046,"actor"
9248,2315,6092,"actor"
9249,2315,6890,"director"
9250,2315,6927,"actor"
9251,2316,1218,"actor"
9252,2316,6684,"actor"
9253,2316,6803,"actor"
9254,2316,7750,"director"
9255,2317,2970,"director"
9256,2317,6000,"actor"
9257,2317,6047,"actor"
9258,2317,7758,"actor"
9259,2318,1422,"actor"
9260,2318,3790,"actor"
9261,2318,4022,"actor"
9262,2318,7782,"director"
9263,2319,2691,"actor"
9264,2319,3579,"director"
9265,2319,4227,"actor"
9266,2319,4869,"actor"
9267,2320,2037,"actor"
9268,2320,6417,"actor"
9269,2320,7259,"actor"
9270,2320,8208,"director"
9271,2321,563,"actor"
9272,2321,1103,"actor"
9273,2321,2166,"actor"
9274,2321,8179,"director"
9275,2322,1541,"actor"
9276,2322,1800,"actor"
9277,2322,4733,"actor"
9278,2322,5631,"director"
9279,2323,2010,"actor"
9280,2323,5662,"director"
9281,2323,7003,"actor"
9282,2323,8306,"actor"
9283,2324,1124,"actor"
9284,2324,1233,"actor"
9285,2324,2232,"actor"
9286,2324,5669,"director"
9287,2325,1451,"actor"
9288,2325,1776,"director"
9289,2325,4576,"actor"
9290,2325,7641,"actor"
9291,2326,487,"actor"
9292,2326,770,"actor"
9293,2326,6586,"actor"
9294,2326,6883,"director"
9295,2327,2247,"actor"
9296,2327,3144,"actor"
9297,2327,5751,"actor"
9298,2327,7960,"director"
9299,2328,417,"director"
9300,2328,701,"actor"
9301,2328,2052,"actor"
9302,2328,2197,"actor"
9303,2329,1034,"actor"
9304,2329,1871,"director"
9305,2329,3123,"actor"
9306,2329,6914,"actor"
9307,2330,2639,"actor"
9308,2330,3081,"actor"
9309,2330,3926,"director"
9310,2330,4455,"actor"
9311,2331,1101,"actor"
9312,2331,1152,"director"
9313,2331,2212,"actor"
9314,2331,3087,"actor"
9315,2332,1049,"actor"
9316,2332,2807,"director"
9317,2332,4978,"actor"
9318,2332,7531,"actor"
9319,2333,2187,"actor"
9320,2333,3580,"actor"
9321,2333,3828,"actor"
9322,2333,7557,"director"
9323,2334,1157,"actor"
9324,2334,2871,"actor"
9325,2334,3613,"actor"
9326,2334,6721,"director"
9327,2335,1096,"director"
9328,2335,4208,"actor"
9329,2335,4599,"actor"
9330,2335,6071,"actor"
9331,2336,1209,"actor"
9332,2336,1269,"actor"
9333,2336,3230,"actor"
9334,2336,3746,"director"
9335,2337,641,"actor"
9336,2337,4662,"director"
9337,2337,5106,"actor"
9338,2337,6297,"actor"
9339,2338,2392,"actor"
9340,2338,3055,"actor"
9341,2338,3934,"director"
9342,2338,4615,"actor"
9343,2339,1920,"director"
9344,2339,4647,"actor"
9345,2339,5949,"actor"
9346,2339,7114,"actor"
9347,2340,878,"director"
9348,2340,3168,"actor"
9349,2340,3765,"actor"
9350,2340,4291,"actor"
9351,2341,2436,"actor"
9352,2341,2957,"actor"
9353,2341,5543,"actor"
9354,2341,6808,"director"
9355,2342,1775,"actor"
9356,2342,3169,"director"
9357,2342,3635,"actor"
9358,2342,6707,"actor"
9359,2343,2548,"actor"
9360,2343,4002,"director"
9361,2343,4151,"actor"
9362,2343,7956,"actor"
9363,2344,1864,"actor"
9364,2344,1963,"director"
9365,2344,3974,"actor"
9366,2344,6620,"actor"
9367,2345,1,"actor"
9368,2345,784,"actor"
9369,2345,3757,"director"
9370,2345,5096,"actor"
9371,2346,1742,"director"
9372,2346,4636,"actor"
9373,2346,7202,"actor"
9374,2346,7455,"actor"
9375,2347,189,"actor"
9376,2347,2755,"director"
9377,2347,6765,"actor"
9378,2347,7663,"actor"
9379,2348,749,"actor"
9380,2348,4535,"director"
9381,2348,5953,"actor"
9382,2348,7311,"actor"
9383,2349,1931,"director"
9384,2349,2650,"actor"
9385,2349,6016,"actor"
9386,2349,6168,"actor"
9387,2350,1714,"actor"
9388,2350,5698,"director"
9389,2350,6796,"actor"
9390,2350,6961,"actor"
9391,2351,1371,"actor"
9392,2351,1820,"director"
9393,2351,3218,"actor"
9394,2351,5990,"actor"
9395,2352,439,"director"
9396,2352,1290,"actor"
9397,2352,7144,"actor"
9398,2352,7758,"actor"
9399,2353,2203,"actor"
9400,2353,3984,"director"
9401,2353,6764,"actor"
9402,2353,6778,"actor"
9403,2354,427,"director"
9404,2354,4539,"actor"
9405,2354,5597,"actor"
9406,2354,8230,"actor"
9407,2355,493,"actor"
9408,2355,1274,"actor"
9409,2355,1570,"director"
9410,2355,3735,"actor"
9411,2356,1053,"actor"
9412,2356,2557,"director"
9413,2356,3764,"actor"
9414,2356,6512,"actor"
9415,2357,2289,"director"
9416,2357,3501,"actor"
9417,2357,6685,"actor"
9418,2357,7623,"actor"
9419,2358,416,"director"
9420,2358,2529,"actor"
9421,2358,2530,"actor"
9422,2358,7236,"actor"
9423,2359,998,"actor"
9424,2359,3493,"director"
9425,2359,6109,"actor"
9426,2359,6803,"actor"
9427,2360,998,"actor"
9428,2360,3493,"director"
9429,2360,6109,"actor"
9430,2360,6803,"actor"
9431,2361,1584,"director"
9432,2361,2298,"actor"
9433,2361,3178,"actor"
9434,2361,6241,"actor"
9435,2362,348,"actor"
9436,2362,1545,"actor"
9437,2362,7789,"director"
9438,2362,7990,"actor"
9439,2363,710,"actor"
9440,2363,1203,"actor"
9441,2363,1774,"actor"
9442,2363,6020,"director"
9443,2364,793,"actor"
9444,2364,2523,"director"
9445,2364,3115,"actor"
9446,2364,4858,"actor"
9447,2365,1303,"actor"
9448,2365,1794,"actor"
9449,2365,1794,"director"
9450,2365,6474,"actor"
9451,2366,601,"actor"
9452,2366,3337,"actor"
9453,2366,4006,"director"
9454,2366,6234,"actor"
9455,2367,978,"actor"
9456,2367,3286,"actor"
9457,2367,3368,"actor"
9458,2367,7049,"director"
9459,2368,1375,"director"
9460,2368,1760,"actor"
9461,2368,2701,"actor"
9462,2368,3139,"actor"
9463,2369,3203,"actor"
9464,2369,4044,"actor"
9465,2369,5222,"director"
9466,2369,8282,"actor"
9467,2370,3678,"director"
9468,2370,4157,"actor"
9469,2370,6766,"actor"
9470,2370,8222,"actor"
9471,2371,2484,"actor"
9472,2371,5818,"actor"
9473,2371,6316,"director"
9474,2371,7755,"actor"
9475,2372,2484,"actor"
9476,2372,5818,"actor"
9477,2372,6316,"director"
9478,2372,7755,"actor"
9479,2373,2484,"actor"
9480,2373,5818,"actor"
9481,2373,6316,"director"
9482,2373,7755,"actor"
9483,2374,2129,"actor"
9484,2374,3589,"director"
9485,2374,4926,"actor"
9486,2374,6565,"actor"
9487,2375,4832,"actor"
9488,2375,6071,"actor"
9489,2375,6379,"actor"
9490,2375,6697,"director"
9491,2376,1561,"actor"
9492,2376,4692,"actor"
9493,2376,6765,"actor"
9494,2376,7249,"director"
9495,2377,1216,"director"
9496,2377,3126,"actor"
9497,2377,5718,"actor"
9498,2377,8322,"actor"
9499,2378,2749,"director"
9500,2378,6256,"actor"
9501,2378,7286,"actor"
9502,2378,7956,"actor"
9503,2379,1328,"actor"
9504,2379,1689,"actor"
9505,2379,3124,"director"
9506,2379,3482,"actor"
9507,2380,4504,"actor"
9508,2380,5281,"actor"
9509,2380,7238,"actor"
9510,2380,7492,"director"
9511,2381,406,"director"
9512,2381,3437,"actor"
9513,2381,3641,"actor"
9514,2381,5941,"actor"
9515,2382,1178,"director"
9516,2382,3020,"actor"
9517,2382,5485,"actor"
9518,2382,6547,"actor"
9519,2383,2476,"actor"
9520,2383,3021,"actor"
9521,2383,5161,"director"
9522,2383,6188,"actor"
9523,2384,426,"actor"
9524,2384,1201,"actor"
9525,2384,2393,"director"
9526,2384,3276,"actor"
9527,2385,1392,"actor"
9528,2385,4424,"actor"
9529,2385,7460,"director"
9530,2385,8058,"actor"
9531,2386,1063,"actor"
9532,2386,3537,"actor"
9533,2386,3642,"actor"
9534,2386,4698,"director"
9535,2387,4965,"director"
9536,2387,5777,"actor"
9537,2387,6880,"actor"
9538,2387,7384,"actor"
9539,2388,5195,"actor"
9540,2388,6261,"actor"
9541,2388,7142,"actor"
9542,2388,8297,"director"
9543,2389,914,"actor"
9544,2389,5729,"actor"
9545,2389,5729,"director"
9546,2389,5805,"actor"
9547,2390,4327,"actor"
9548,2390,4826,"actor"
9549,2390,5068,"actor"
9550,2390,6731,"director"
9551,2391,1805,"director"
9552,2391,2834,"actor"
9553,2391,6723,"actor"
9554,2391,7438,"actor"
9555,2392,2074,"actor"
9556,2392,2270,"actor"
9557,2392,3981,"director"
9558,2392,7986,"actor"
9559,2393,53,"actor"
9560,2393,2278,"actor"
9561,2393,3421,"actor"
9562,2393,6785,"director"
9563,2394,445,"actor"
9564,2394,910,"actor"
9565,2394,2159,"director"
9566,2394,7439,"actor"
9567,2395,860,"actor"
9568,2395,1415,"actor"
9569,2395,7123,"actor"
9570,2395,7456,"director"
9571,2396,628,"actor"
9572,2396,5303,"actor"
9573,2396,5783,"actor"
9574,2396,7540,"director"
9575,2397,419,"actor"
9576,2397,3044,"director"
9577,2397,3804,"actor"
9578,2397,5227,"actor"
9579,2398,2311,"actor"
9580,2398,2695,"director"
9581,2398,7553,"actor"
9582,2398,8108,"actor"
9583,2399,387,"actor"
9584,2399,387,"director"
9585,2399,4279,"actor"
9586,2399,4342,"actor"
9587,2400,1778,"actor"
9588,2400,1845,"actor"
9589,2400,5870,"actor"
9590,2400,6384,"director"
9591,2401,1522,"actor"
9592,2401,3157,"actor"
9593,2401,4436,"actor"
9594,2401,4593,"director"
9595,2402,24,"actor"
9596,2402,569,"director"
9597,2402,7068,"actor"
9598,2402,8031,"actor"
9599,2403,3480,"actor"
9600,2403,3501,"actor"
9601,2403,4636,"actor"
9602,2403,7223,"director"
9603,2404,1258,"actor"
9604,2404,3651,"actor"
9605,2404,5961,"director"
9606,2404,7371,"actor"
9607,2405,658,"actor"
9608,2405,3137,"actor"
9609,2405,6879,"director"
9610,2405,7957,"actor"
9611,2406,938,"actor"
9612,2406,2609,"director"
9613,2406,3917,"actor"
9614,2406,4353,"actor"
9615,2407,938,"actor"
9616,2407,3842,"director"
9617,2407,7364,"actor"
9618,2407,7635,"actor"
9619,2408,1038,"actor"
9620,2408,2617,"actor"
9621,2408,2644,"director"
9622,2408,5026,"actor"
9623,2409,1112,"actor"
9624,2409,6799,"actor"
9625,2409,7593,"actor"
9626,2409,8208,"director"
9627,2410,1322,"director"
9628,2410,1851,"actor"
9629,2410,3683,"actor"
9630,2410,6922,"actor"
9631,2411,1439,"actor"
9632,2411,1881,"director"
9633,2411,4536,"actor"
9634,2411,7928,"actor"
9635,2412,1360,"director"
9636,2412,2177,"actor"
9637,2412,3736,"actor"
9638,2412,6239,"actor"
9639,2413,930,"actor"
9640,2413,4264,"actor"
9641,2413,5070,"director"
9642,2413,7240,"actor"
9643,2414,2233,"actor"
9644,2414,4009,"director"
9645,2414,4352,"actor"
9646,2414,7492,"actor"
9647,2415,934,"director"
9648,2415,1997,"actor"
9649,2415,5365,"actor"
9650,2415,6476,"actor"
9651,2416,1780,"director"
9652,2416,2374,"actor"
9653,2416,7289,"actor"
9654,2416,7956,"actor"
9655,2417,31,"actor"
9656,2417,4181,"director"
9657,2417,5538,"actor"
9658,2417,7197,"actor"
9659,2418,359,"director"
9660,2418,1004,"actor"
9661,2418,1513,"actor"
9662,2418,2568,"actor"
9663,2419,2608,"director"
9664,2419,3455,"actor"
9665,2419,6420,"actor"
9666,2419,6922,"actor"
9667,2420,683,"actor"
9668,2420,2555,"director"
9669,2420,8079,"actor"
9670,2421,4439,"actor"
9671,2421,5485,"actor"
9672,2421,5695,"director"
9673,2421,5897,"actor"
9674,2422,2550,"actor"
9675,2422,4904,"actor"
9676,2422,5427,"actor"
9677,2422,8190,"director"
9678,2423,715,"actor"
9679,2423,3403,"actor"
9680,2423,4735,"director"
9681,2423,7985,"actor"
9682,2424,1422,"actor"
9683,2424,2770,"director"
9684,2424,3014,"actor"
9685,2424,5830,"actor"
9686,2425,3831,"actor"
9687,2425,6664,"actor"
9688,2425,6725,"director"
9689,2425,7055,"actor"
9690,2426,1218,"actor"
9691,2426,5705,"actor"
9692,2426,7490,"director"
9693,2426,7507,"actor"
9694,2427,329,"actor"
9695,2427,4403,"actor"
9696,2427,5317,"actor"
9697,2427,7457,"director"
9698,2428,329,"actor"
9699,2428,4403,"actor"
9700,2428,5317,"actor"
9701,2428,7457,"director"
9702,2429,1095,"actor"
9703,2429,3218,"actor"
9704,2429,3477,"director"
9705,2429,7851,"actor"
9706,2430,2806,"actor"
9707,2430,4196,"director"
9708,2430,6881,"actor"
9709,2430,7494,"actor"
9710,2431,4625,"actor"
9711,2431,6804,"director"
9712,2431,7673,"actor"
9713,2431,7676,"actor"
9714,2432,393,"director"
9715,2432,1308,"actor"
9716,2432,3764,"actor"
9717,2432,6996,"actor"
9718,2433,685,"actor"
9719,2433,6550,"director"
9720,2433,6993,"actor"
9721,2433,7584,"actor"
9722,2434,384,"director"
9723,2435,3020,"actor"
9724,2435,5035,"actor"
9725,2435,5317,"actor"
9726,2435,7717,"director"
9727,2436,3156,"actor"
9728,2436,3792,"actor"
9729,2436,4091,"director"
9730,2436,4416,"actor"
9731,2437,404,"director"
9732,2437,668,"actor"
9733,2437,1674,"actor"
9734,2437,1896,"actor"
9735,2438,1040,"director"
9736,2438,1517,"actor"
9737,2438,2230,"actor"
9738,2438,5104,"actor"
9739,2439,382,"director"
9740,2439,3736,"actor"
9741,2439,4586,"actor"
9742,2439,7256,"actor"
9743,2440,562,"director"
9744,2440,3937,"actor"
9745,2440,6914,"actor"
9746,2440,7787,"actor"
9747,2441,550,"actor"
9748,2441,1745,"actor"
9749,2441,2135,"actor"
9750,2441,2534,"director"
9751,2442,2797,"actor"
9752,2442,5195,"actor"
9753,2442,6341,"actor"
9754,2442,7489,"director"
9755,2443,2167,"actor"
9756,2443,2873,"actor"
9757,2443,3577,"actor"
9758,2443,6198,"director"
9759,2444,1585,"actor"
9760,2444,5793,"actor"
9761,2444,5873,"director"
9762,2444,7279,"actor"
9763,2445,4454,"actor"
9764,2445,4818,"actor"
9765,2445,6742,"director"
9766,2445,7337,"actor"
9767,2446,254,"actor"
9768,2446,3499,"director"
9769,2446,3706,"actor"
9770,2446,5618,"actor"
9771,2447,1540,"actor"
9772,2447,4187,"actor"
9773,2447,7151,"director"
9774,2447,7915,"actor"
9775,2448,1599,"actor"
9776,2448,6223,"actor"
9777,2448,7747,"director"
9778,2448,8026,"actor"
9779,2449,1573,"actor"
9780,2449,1817,"director"
9781,2449,2798,"actor"
9782,2449,3767,"actor"
9783,2450,1488,"actor"
9784,2450,3338,"actor"
9785,2450,3907,"director"
9786,2450,6104,"actor"
9787,2451,307,"actor"
9788,2451,800,"director"
9789,2451,5362,"actor"
9790,2451,7455,"actor"
9791,2452,3,"director"
9792,2452,3627,"actor"
9793,2452,7164,"actor"
9794,2452,8069,"actor"
9795,2453,2688,"director"
9796,2453,4436,"actor"
9797,2453,7758,"actor"
9798,2453,8394,"actor"
9799,2454,1612,"actor"
9800,2454,2763,"actor"
9801,2454,5625,"actor"
9802,2454,7602,"director"
9803,2455,2090,"actor"
9804,2455,5487,"director"
9805,2455,7142,"actor"
9806,2455,7492,"actor"
9807,2456,2090,"actor"
9808,2456,5487,"director"
9809,2456,7142,"actor"
9810,2456,7492,"actor"
9811,2457,431,"actor"
9812,2457,3465,"actor"
9813,2457,3618,"actor"
9814,2457,3967,"director"
9815,2458,62,"actor"
9816,2458,5249,"director"
9817,2458,5527,"actor"
9818,2458,5920,"actor"
9819,2459,52,"actor"
9820,2459,1640,"actor"
9821,2459,6343,"director"
9822,2459,7519,"actor"
9823,2460,423,"director"
9824,2460,1751,"actor"
9825,2460,2379,"actor"
9826,2460,8106,"actor"
9827,2461,2817,"actor"
9828,2461,4799,"director"
9829,2461,5656,"actor"
9830,2461,7590,"actor"
9831,2462,53,"actor"
9832,2462,3087,"actor"
9833,2462,6376,"actor"
9834,2462,6668,"director"
9835,2463,526,"director"
9836,2463,3899,"actor"
9837,2463,6644,"actor"
9838,2463,7101,"actor"
9839,2464,1502,"actor"
9840,2464,3257,"actor"
9841,2464,5552,"director"
9842,2464,7065,"actor"
9843,2465,1371,"actor"
9844,2465,5532,"actor"
9845,2465,7712,"director"
9846,2465,8209,"actor"
9847,2466,54,"director"
9848,2466,904,"actor"
9849,2466,7663,"actor"
9850,2466,8122,"actor"
9851,2467,705,"actor"
9852,2467,1348,"actor"
9853,2467,5212,"director"
9854,2467,8061,"actor"
9855,2468,4050,"actor"
9856,2468,5352,"actor"
9857,2468,7581,"director"
9858,2468,8222,"actor"
9859,2469,2139,"actor"
9860,2469,4292,"director"
9861,2469,5913,"actor"
9862,2469,7839,"actor"
9863,2470,1745,"actor"
9864,2470,3941,"director"
9865,2470,5984,"actor"
9866,2470,6536,"actor"
9867,2471,4028,"actor"
9868,2471,4039,"actor"
9869,2471,5849,"actor"
9870,2471,6423,"director"
9871,2472,656,"actor"
9872,2472,3500,"director"
9873,2472,4383,"actor"
9874,2472,5192,"actor"
9875,2473,1855,"actor"
9876,2473,2251,"actor"
9877,2473,3397,"director"
9878,2473,4395,"actor"
9879,2474,2691,"actor"
9880,2474,3069,"director"
9881,2474,5818,"actor"
9882,2474,7371,"actor"
9883,2475,1227,"director"
9884,2475,4244,"actor"
9885,2475,6939,"actor"
9886,2475,7470,"actor"
9887,2476,2682,"actor"
9888,2476,5184,"director"
9889,2476,5767,"actor"
9890,2476,8152,"actor"
9891,2477,320,"actor"
9892,2477,4456,"director"
9893,2477,4651,"actor"
9894,2477,5705,"actor"
9895,2478,2006,"actor"
9896,2478,2731,"actor"
9897,2478,3129,"director"
9898,2478,4183,"actor"
9899,2479,2310,"actor"
9900,2479,5975,"director"
9901,2479,6085,"actor"
9902,2479,8239,"actor"
9903,2480,263,"actor"
9904,2480,2436,"actor"
9905,2480,3780,"actor"
9906,2480,5670,"director"
9907,2481,2877,"director"
9908,2481,3087,"actor"
9909,2481,5600,"actor"
9910,2481,5941,"actor"
9911,2482,1465,"director"
9912,2482,1981,"actor"
9913,2482,3078,"actor"
9914,2482,3227,"actor"
9915,2483,413,"director"
9916,2483,2232,"actor"
9917,2483,3266,"actor"
9918,2483,8222,"actor"
9919,2484,3348,"director"
9920,2484,5019,"actor"
9921,2484,5843,"actor"
9922,2484,8066,"actor"
9923,2485,942,"actor"
9924,2485,2353,"actor"
9925,2485,2400,"actor"
9926,2485,7479,"director"
9927,2486,514,"actor"
9928,2486,539,"actor"
9929,2486,1590,"actor"
9930,2486,6857,"director"
9931,2487,2200,"actor"
9932,2487,2932,"actor"
9933,2487,4817,"actor"
9934,2487,7921,"director"
9935,2488,4424,"actor"
9936,2488,4941,"actor"
9937,2488,5694,"director"
9938,2488,5812,"actor"
9939,2489,2189,"director"
9940,2489,2519,"actor"
9941,2489,4544,"actor"
9942,2489,6183,"actor"
9943,2490,3458,"actor"
9944,2490,3482,"actor"
9945,2490,4947,"director"
9946,2490,5367,"actor"
9947,2491,2207,"actor"
9948,2491,5623,"director"
9949,2491,7324,"actor"
9950,2491,7497,"actor"
9951,2492,674,"director"
9952,2492,814,"actor"
9953,2492,1632,"actor"
9954,2492,2687,"actor"
9955,2493,2720,"director"
9956,2493,5806,"actor"
9957,2493,6517,"actor"
9958,2493,7722,"actor"
9959,2494,1275,"actor"
9960,2494,4402,"actor"
9961,2494,5117,"director"
9962,2494,5917,"actor"
9963,2495,2550,"actor"
9964,2495,4584,"actor"
9965,2495,5426,"director"
9966,2495,6268,"actor"
9967,2496,860,"actor"
9968,2496,3717,"actor"
9969,2496,4947,"director"
9970,2496,5777,"actor"
9971,2497,2237,"actor"
9972,2497,3366,"director"
9973,2497,5830,"actor"
9974,2497,6960,"actor"
9975,2498,2690,"director"
9976,2498,3736,"actor"
9977,2498,6048,"actor"
9978,2498,6407,"actor"
9979,2499,2356,"actor"
9980,2499,4247,"actor"
9981,2499,5731,"actor"
9982,2499,6632,"director"
9983,2500,1689,"actor"
9984,2500,6733,"director"
9985,2500,6996,"actor"
9986,2500,8061,"actor"
9987,2501,4046,"actor"
9988,2501,4754,"actor"
9989,2501,5323,"actor"
9990,2501,6771,"director"
9991,2502,1642,"actor"
9992,2502,3360,"director"
9993,2502,7085,"actor"
9994,2502,8018,"actor"
9995,2503,4878,"actor"
9996,2503,6684,"actor"
9997,2503,7540,"director"
9998,2503,7870,"actor"
9999,2504,1990,"director"
10000,2504,3870,"actor"
10001,2504,4889,"actor"
10002,2504,7213,"actor"
10003,2505,271,"actor"
10004,2505,609,"director"
10005,2505,1522,"actor"
10006,2505,6452,"actor"
10007,2506,1973,"actor"
10008,2506,2746,"director"
10009,2506,4406,"actor"
10010,2506,5678,"actor"
10011,2507,48,"director"
10012,2507,1642,"actor"
10013,2507,8222,"actor"
10014,2507,8394,"actor"
10015,2508,4755,"director"
10016,2508,5994,"actor"
10017,2508,7571,"actor"
10018,2508,8306,"actor"
10019,2509,4038,"director"
10020,2509,4063,"actor"
10021,2509,4157,"actor"
10022,2509,4621,"actor"
10023,2510,911,"actor"
10024,2510,972,"actor"
10025,2510,1793,"actor"
10026,2510,6792,"director"
10027,2511,1053,"actor"
10028,2511,1951,"actor"
10029,2511,6629,"director"
10030,2511,7133,"actor"
10031,2512,2798,"actor"
10032,2512,5528,"actor"
10033,2512,8137,"actor"
10034,2512,8362,"director"
10035,2513,165,"actor"
10036,2513,550,"actor"
10037,2513,6625,"actor"
10038,2513,6697,"director"
10039,2514,4849,"actor"
10040,2514,5470,"actor"
10041,2514,6748,"director"
10042,2514,8148,"actor"
10043,2515,4405,"actor"
10044,2515,6652,"director"
10045,2515,6765,"actor"
10046,2515,6913,"actor"
10047,2516,1610,"actor"
10048,2516,2153,"director"
10049,2516,7199,"actor"
10050,2516,8029,"actor"
10051,2517,205,"actor"
10052,2517,603,"actor"
10053,2517,2746,"director"
10054,2517,7395,"actor"
10055,2518,4083,"director"
10056,2518,5003,"actor"
10057,2518,5617,"actor"
10058,2518,8214,"actor"
10059,2519,514,"actor"
10060,2519,4352,"actor"
10061,2519,4508,"actor"
10062,2519,7544,"director"
10063,2520,351,"actor"
10064,2520,2410,"director"
10065,2520,4098,"actor"
10066,2520,4108,"actor"
10067,2521,1337,"actor"
10068,2521,2022,"actor"
10069,2521,4208,"actor"
10070,2521,6236,"director"
10071,2522,123,"actor"
10072,2522,820,"actor"
10073,2522,1953,"director"
10074,2523,1639,"actor"
10075,2523,4069,"actor"
10076,2523,5433,"director"
10077,2523,6951,"actor"
10078,2524,2066,"actor"
10079,2524,2301,"director"
10080,2524,3786,"actor"
10081,2524,7644,"actor"
10082,2525,45,"actor"
10083,2525,4964,"director"
10084,2525,5475,"actor"
10085,2525,6264,"actor"
10086,2526,32,"actor"
10087,2526,1355,"director"
10088,2526,5074,"actor"
10089,2526,7611,"actor"
10090,2527,176,"director"
10091,2527,910,"actor"
10092,2527,2040,"actor"
10093,2527,2991,"actor"
10094,2528,2200,"actor"
10095,2528,3779,"director"
10096,2528,7031,"actor"
10097,2528,7055,"actor"
10098,2529,5385,"actor"
10099,2529,6737,"actor"
10100,2529,7514,"director"
10101,2529,8180,"actor"
10102,2530,1263,"actor"
10103,2530,3160,"actor"
10104,2530,5499,"director"
10105,2530,5874,"actor"
10106,2531,2613,"director"
10107,2531,3827,"actor"
10108,2531,4732,"actor"
10109,2531,7238,"actor"
10110,2532,1343,"actor"
10111,2532,3499,"actor"
10112,2532,3499,"director"
10113,2532,6083,"actor"
10114,2533,177,"director"
10115,2533,572,"actor"
10116,2533,2257,"actor"
10117,2533,6493,"actor"
10118,2534,1308,"actor"
10119,2534,4013,"director"
10120,2534,5178,"actor"
10121,2534,5887,"actor"
10122,2535,1372,"actor"
10123,2535,5646,"actor"
10124,2535,6232,"director"
10125,2535,7208,"actor"
10126,2536,373,"actor"
10127,2536,1605,"actor"
10128,2536,2848,"director"
10129,2536,6031,"actor"
10130,2537,1584,"director"
10131,2537,4282,"actor"
10132,2537,5598,"actor"
10133,2537,7004,"actor"
10134,2538,2090,"actor"
10135,2538,2266,"director"
10136,2538,4792,"actor"
10137,2538,7453,"actor"
10138,2539,514,"actor"
10139,2539,978,"actor"
10140,2539,2344,"director"
10141,2539,5917,"actor"
10142,2540,1540,"actor"
10143,2540,2430,"director"
10144,2540,6641,"actor"
10145,2540,7127,"actor"
10146,2541,1294,"actor"
10147,2541,4452,"actor"
10148,2541,4684,"director"
10149,2541,4982,"actor"
10150,2542,88,"director"
10151,2542,2256,"actor"
10152,2542,2284,"actor"
10153,2542,8120,"actor"
10154,2543,1275,"actor"
10155,2543,2753,"actor"
10156,2543,3955,"director"
10157,2543,3989,"actor"
10158,2544,2477,"actor"
10159,2544,3203,"actor"
10160,2544,5249,"director"
10161,2544,7835,"actor"
10162,2545,2477,"actor"
10163,2545,3203,"actor"
10164,2545,5249,"director"
10165,2545,7835,"actor"
10166,2546,889,"actor"
10167,2546,2035,"actor"
10168,2546,6391,"director"
10169,2546,7722,"actor"
10170,2547,2716,"director"
10171,2547,4219,"actor"
10172,2547,6067,"actor"
10173,2547,7492,"actor"
10174,2548,243,"director"
10175,2548,1247,"actor"
10176,2548,1745,"actor"
10177,2548,6709,"actor"
10178,2549,991,"actor"
10179,2549,2465,"actor"
10180,2549,3470,"actor"
10181,2549,4537,"director"
10182,2550,52,"actor"
10183,2550,1098,"actor"
10184,2550,2595,"director"
10185,2550,4243,"actor"
10186,2551,2062,"actor"
10187,2551,3859,"director"
10188,2551,6716,"actor"
10189,2551,7780,"actor"
10190,2552,86,"director"
10191,2552,452,"actor"
10192,2552,1878,"actor"
10193,2552,6395,"actor"
10194,2553,2250,"actor"
10195,2553,3482,"actor"
10196,2553,4125,"actor"
10197,2553,5205,"director"
10198,2554,844,"actor"
10199,2554,2976,"director"
10200,2554,8381,"actor"
10201,2554,8383,"actor"
10202,2555,2479,"actor"
10203,2555,6426,"director"
10204,2555,8191,"actor"
10205,2555,8210,"actor"
10206,2556,221,"actor"
10207,2556,2615,"actor"
10208,2556,5368,"director"
10209,2556,8222,"actor"
10210,2557,4826,"actor"
10211,2557,5078,"actor"
10212,2557,8319,"actor"
10213,2557,8324,"director"
10214,2558,14,"director"
10215,2558,296,"actor"
10216,2558,1130,"actor"
10217,2558,2634,"actor"
10218,2559,249,"actor"
10219,2559,4013,"director"
10220,2559,4114,"actor"
10221,2559,5352,"actor"
10222,2560,1566,"director"
10223,2560,3080,"actor"
10224,2560,7107,"actor"
10225,2560,7507,"actor"
10226,2561,1798,"director"
10227,2561,3765,"actor"
10228,2561,4059,"actor"
10229,2561,4653,"actor"
10230,2562,457,"actor"
10231,2562,783,"director"
10232,2562,3617,"actor"
10233,2562,4926,"actor"
10234,2563,3640,"director"
10235,2563,4247,"actor"
10236,2563,6961,"actor"
10237,2563,7648,"actor"
10238,2564,1038,"actor"
10239,2564,2606,"director"
10240,2564,6234,"actor"
10241,2564,8203,"actor"
10242,2565,1689,"actor"
10243,2565,1758,"actor"
10244,2565,2894,"director"
10245,2565,3706,"actor"
10246,2566,2090,"actor"
10247,2566,2223,"actor"
10248,2566,2701,"actor"
10249,2566,7428,"director"
10250,2567,508,"actor"
10251,2567,4018,"director"
10252,2567,4178,"actor"
10253,2567,7365,"actor"
10254,2568,1127,"actor"
10255,2568,2763,"actor"
10256,2568,4357,"actor"
10257,2568,5513,"director"
10258,2569,200,"actor"
10259,2569,200,"director"
10260,2569,2437,"actor"
10261,2569,7258,"actor"
10262,2570,755,"actor"
10263,2570,2765,"director"
10264,2570,3014,"actor"
10265,2570,3765,"actor"
10266,2571,915,"actor"
10267,2571,5365,"actor"
10268,2571,7872,"director"
10269,2571,8394,"actor"
10270,2572,2612,"actor"
10271,2572,3548,"actor"
10272,2572,6561,"director"
10273,2572,7187,"actor"
10274,2573,296,"actor"
10275,2573,869,"director"
10276,2573,3735,"actor"
10277,2573,4004,"actor"
10278,2574,236,"actor"
10279,2574,388,"director"
10280,2574,3047,"actor"
10281,2574,4493,"actor"
10282,2575,1276,"actor"
10283,2575,1605,"actor"
10284,2575,2832,"actor"
10285,2575,3394,"director"
10286,2576,209,"actor"
10287,2576,6295,"actor"
10288,2576,7342,"director"
10289,2576,8122,"actor"
10290,2577,2993,"actor"
10291,2577,3764,"actor"
10292,2577,5283,"actor"
10293,2577,6653,"director"
10294,2578,1315,"actor"
10295,2578,1500,"director"
10296,2578,6234,"actor"
10297,2578,7894,"actor"
10298,2579,271,"actor"
10299,2579,1751,"actor"
10300,2579,5565,"director"
10301,2579,7800,"actor"
10302,2580,1826,"director"
10303,2580,1934,"actor"
10304,2580,3112,"actor"
10305,2580,4352,"actor"
10306,2581,3338,"actor"
10307,2581,6383,"actor"
10308,2581,7936,"director"
10309,2581,8020,"actor"
10310,2582,1184,"actor"
10311,2582,1415,"director"
10312,2582,2216,"actor"
10313,2582,3974,"actor"
10314,2583,2897,"actor"
10315,2583,3284,"actor"
10316,2583,5166,"actor"
10317,2583,5948,"director"
10318,2584,5343,"actor"
10319,2584,6765,"actor"
10320,2584,7538,"director"
10321,2584,8013,"actor"
10322,2585,704,"actor"
10323,2585,797,"actor"
10324,2585,6864,"actor"
10325,2585,7794,"director"
10326,2586,619,"actor"
10327,2586,2035,"actor"
10328,2586,3341,"director"
10329,2586,5424,"actor"
10330,2587,3846,"actor"
10331,2587,4854,"actor"
10332,2587,5915,"director"
10333,2587,7325,"actor"
10334,2588,2197,"actor"
10335,2588,4264,"actor"
10336,2588,4508,"actor"
10337,2588,6368,"director"
10338,2589,3571,"actor"
10339,2589,6987,"director"
10340,2589,6988,"actor"
10341,2589,7998,"actor"
10342,2590,2753,"actor"
10343,2590,6182,"director"
10344,2590,6737,"actor"
10345,2590,7115,"actor"
10346,2591,2306,"actor"
10347,2591,2771,"director"
10348,2591,3112,"actor"
10349,2591,6834,"actor"
10350,2592,41,"director"
10351,2592,3846,"actor"
10352,2592,3852,"actor"
10353,2592,4301,"actor"
10354,2593,4914,"actor"
10355,2593,5869,"actor"
10356,2593,7780,"actor"
10357,2593,8215,"director"
10358,2594,3194,"actor"
10359,2594,3773,"director"
10360,2594,4215,"actor"
10361,2594,5711,"actor"
10362,2595,3567,"actor"
10363,2595,3567,"director"
10364,2595,3714,"actor"
10365,2595,3861,"actor"
10366,2596,1125,"director"
10367,2596,2009,"actor"
10368,2596,3503,"actor"
10369,2596,6534,"actor"
10370,2597,505,"actor"
10371,2597,1864,"actor"
10372,2597,5689,"director"
10373,2597,6145,"actor"
10374,2598,871,"actor"
10375,2598,1058,"director"
10376,2598,1451,"actor"
10377,2598,2506,"actor"
10378,2599,997,"director"
10379,2599,1875,"actor"
10380,2599,3680,"actor"
10381,2599,5158,"actor"
10382,2600,2163,"director"
10383,2600,3087,"actor"
10384,2600,3182,"actor"
10385,2600,7838,"actor"
10386,2601,2025,"actor"
10387,2601,3377,"actor"
10388,2601,6305,"actor"
10389,2601,7404,"director"
10390,2602,2568,"actor"
10391,2602,2634,"actor"
10392,2602,4539,"actor"
10393,2602,6759,"director"
10394,2603,2142,"actor"
10395,2603,4393,"actor"
10396,2603,6771,"director"
10397,2603,7160,"actor"
10398,2604,644,"actor"
10399,2604,1353,"actor"
10400,2604,3578,"director"
10401,2604,7524,"actor"
10402,2605,4,"actor"
10403,2605,3332,"actor"
10404,2605,5950,"actor"
10405,2605,6501,"director"
10406,2606,1978,"actor"
10407,2606,3945,"actor"
10408,2606,5392,"actor"
10409,2606,6530,"director"
10410,2607,1171,"actor"
10411,2607,2960,"director"
10412,2607,4560,"actor"
10413,2607,4923,"actor"
10414,2608,1124,"actor"
10415,2608,2132,"director"
10416,2608,2506,"actor"
10417,2608,7060,"actor"
10418,2609,3870,"actor"
10419,2609,4306,"director"
10420,2609,6425,"actor"
10421,2609,7241,"actor"
10422,2610,1154,"actor"
10423,2610,3396,"actor"
10424,2610,5728,"actor"
10425,2610,7166,"director"
10426,2611,5820,"actor"
10427,2611,6480,"director"
10428,2611,6573,"actor"
10429,2611,7263,"actor"
10430,2612,848,"actor"
10431,2612,1063,"actor"
10432,2612,2639,"actor"
10433,2612,5027,"director"
10434,2613,3769,"actor"
10435,2613,6479,"director"
10436,2613,7092,"actor"
10437,2613,8119,"actor"
10438,2614,779,"actor"
10439,2614,5985,"actor"
10440,2614,6119,"actor"
10441,2614,7951,"director"
10442,2615,4695,"actor"
10443,2615,5423,"actor"
10444,2615,7751,"actor"
10445,2615,7987,"director"
10446,2616,263,"actor"
10447,2616,4904,"actor"
10448,2616,7816,"actor"
10449,2616,8196,"director"
10450,2617,337,"actor"
10451,2617,864,"director"
10452,2617,1298,"actor"
10453,2617,2203,"actor"
10454,2618,1500,"director"
10455,2618,4404,"actor"
10456,2618,7314,"actor"
10457,2618,8336,"actor"
10458,2619,3268,"actor"
10459,2619,7337,"actor"
10460,2619,7978,"actor"
10461,2619,8182,"director"
10462,2620,3416,"actor"
10463,2620,4352,"actor"
10464,2620,5979,"actor"
10465,2620,7846,"director"
10466,2621,3729,"actor"
10467,2621,4072,"director"
10468,2621,7494,"actor"
10469,2621,7529,"actor"
10470,2622,1016,"actor"
10471,2622,1274,"actor"
10472,2622,4014,"actor"
10473,2622,4411,"director"
10474,2623,2789,"actor"
10475,2623,4024,"actor"
10476,2623,4933,"actor"
10477,2623,6177,"director"
10478,2624,1001,"actor"
10479,2624,4510,"actor"
10480,2624,5557,"director"
10481,2624,8267,"actor"
10482,2625,3155,"actor"
10483,2625,4359,"director"
10484,2625,4521,"actor"
10485,2625,4702,"actor"
10486,2626,1053,"actor"
10487,2626,2148,"actor"
10488,2626,5777,"actor"
10489,2626,6217,"director"
10490,2627,1053,"actor"
10491,2627,2148,"actor"
10492,2627,5777,"actor"
10493,2627,6217,"director"
10494,2628,836,"actor"
10495,2628,895,"actor"
10496,2628,1451,"actor"
10497,2628,8023,"director"
10498,2629,343,"actor"
10499,2629,667,"director"
10500,2629,6834,"actor"
10501,2629,7824,"actor"
10502,2630,4599,"actor"
10503,2630,6707,"actor"
10504,2630,7324,"actor"
10505,2630,7382,"director"
10506,2631,799,"actor"
10507,2631,1347,"director"
10508,2631,2356,"actor"
10509,2631,4976,"actor"
10510,2632,2237,"actor"
10511,2632,3216,"director"
10512,2632,6382,"actor"
10513,2632,7870,"actor"
10514,2633,1184,"actor"
10515,2633,2821,"director"
10516,2633,4044,"actor"
10517,2633,7492,"actor"
10518,2634,2233,"actor"
10519,2634,3200,"director"
10520,2634,6476,"actor"
10521,2634,8180,"actor"
10522,2635,352,"actor"
10523,2635,3033,"actor"
10524,2635,3439,"director"
10525,2635,5754,"actor"
10526,2636,6492,"actor"
10527,2636,6834,"actor"
10528,2636,7284,"director"
10529,2636,7497,"actor"
10530,2637,409,"actor"
10531,2637,6365,"actor"
10532,2637,6634,"director"
10533,2637,7275,"actor"
10534,2638,1709,"actor"
10535,2638,4440,"director"
10536,2638,4975,"actor"
10537,2638,8227,"actor"
10538,2639,93,"actor"
10539,2639,5272,"actor"
10540,2639,6187,"director"
10541,2639,6258,"actor"
10542,2640,3316,"actor"
10543,2640,5581,"director"
10544,2640,5967,"actor"
10545,2640,7774,"actor"
10546,2641,4324,"actor"
10547,2641,4902,"actor"
10548,2641,6116,"director"
10549,2641,6404,"actor"
10550,2642,3272,"actor"
10551,2642,6285,"actor"
10552,2642,6288,"director"
10553,2642,8123,"actor"
10554,2643,1981,"actor"
10555,2643,3423,"actor"
10556,2643,4038,"actor"
10557,2643,6851,"director"
10558,2644,5373,"actor"
10559,2644,6201,"actor"
10560,2644,6807,"director"
10561,2644,8260,"actor"
10562,2645,1053,"actor"
10563,2645,1184,"actor"
10564,2645,7494,"actor"
10565,2645,7797,"director"
10566,2646,2933,"director"
10567,2646,3202,"actor"
10568,2646,5150,"actor"
10569,2646,7226,"actor"
10570,2647,1172,"actor"
10571,2647,5731,"actor"
10572,2647,6049,"director"
10573,2647,7492,"actor"
10574,2648,83,"actor"
10575,2648,7167,"actor"
10576,2648,7787,"actor"
10577,2648,8107,"director"
10578,2649,1829,"actor"
10579,2649,5606,"actor"
10580,2649,7355,"actor"
10581,2649,7909,"director"
10582,2650,3767,"actor"
10583,2650,4186,"actor"
10584,2650,5751,"actor"
10585,2650,5974,"director"
10586,2651,2877,"director"
10587,2651,3227,"actor"
10588,2651,4022,"actor"
10589,2651,6071,"actor"
10590,2652,362,"actor"
10591,2652,3764,"actor"
10592,2652,5705,"actor"
10593,2652,8291,"director"
10594,2653,3950,"actor"
10595,2653,4344,"actor"
10596,2653,4908,"actor"
10597,2653,4908,"director"
10598,2654,1392,"actor"
10599,2654,3141,"actor"
10600,2654,3759,"director"
10601,2654,6684,"actor"
10602,2655,262,"actor"
10603,2655,2355,"actor"
10604,2655,3679,"actor"
10605,2655,6638,"director"
10606,2656,540,"actor"
10607,2656,5043,"actor"
10608,2656,6481,"director"
10609,2656,7533,"actor"
10610,2657,1183,"actor"
10611,2657,1386,"director"
10612,2657,4545,"actor"
10613,2657,6885,"actor"
10614,2658,1371,"actor"
10615,2658,2586,"actor"
10616,2658,7837,"actor"
10617,2658,8205,"director"
10618,2659,1073,"actor"
10619,2659,5703,"actor"
10620,2659,7605,"actor"
10621,2659,7605,"director"
10622,2660,1274,"actor"
10623,2660,3203,"actor"
10624,2660,6234,"actor"
10625,2660,8193,"director"
10626,2661,1632,"actor"
10627,2661,3724,"actor"
10628,2661,4132,"actor"
10629,2661,6994,"director"
10630,2662,1573,"actor"
10631,2662,1780,"director"
10632,2662,4761,"actor"
10633,2662,7289,"actor"
10634,2663,688,"actor"
10635,2663,1130,"actor"
10636,2663,1952,"director"
10637,2663,6565,"actor"
10638,2664,3222,"actor"
10639,2664,4044,"actor"
10640,2664,7121,"actor"
10641,2664,7852,"director"
10642,2665,2740,"actor"
10643,2665,4524,"actor"
10644,2665,7142,"actor"
10645,2665,8297,"director"
10646,2666,976,"actor"
10647,2666,1655,"actor"
10648,2666,3273,"actor"
10649,2666,7465,"director"
10650,2667,1436,"director"
10651,2667,1744,"actor"
10652,2667,4707,"actor"
10653,2667,7840,"actor"
10654,2668,227,"actor"
10655,2668,422,"director"
10656,2668,1218,"actor"
10657,2668,4709,"actor"
10658,2669,914,"actor"
10659,2669,4337,"actor"
10660,2669,4731,"director"
10661,2669,5641,"actor"
10662,2670,3891,"director"
10663,2670,6349,"actor"
10664,2670,6515,"actor"
10665,2670,7392,"actor"
10666,2671,255,"actor"
10667,2671,1404,"director"
10668,2671,1973,"actor"
10669,2671,6468,"actor"
10670,2672,2195,"actor"
10671,2672,2906,"actor"
10672,2672,3343,"director"
10673,2672,7649,"actor"
10674,2673,209,"actor"
10675,2673,1541,"actor"
10676,2673,3806,"director"
10677,2673,6996,"actor"
10678,2674,1916,"director"
10679,2674,4466,"actor"
10680,2674,4850,"actor"
10681,2674,6452,"actor"
10682,2675,1916,"director"
10683,2675,4466,"actor"
10684,2675,4850,"actor"
10685,2675,6452,"actor"
10686,2676,1312,"actor"
10687,2676,1610,"actor"
10688,2676,3425,"actor"
10689,2676,6646,"director"
10690,2677,2950,"director"
10691,2677,3130,"actor"
10692,2677,5597,"actor"
10693,2677,6181,"actor"
10694,2678,40,"actor"
10695,2678,2617,"actor"
10696,2678,7060,"actor"
10697,2678,8242,"director"
10698,2679,297,"actor"
10699,2679,491,"director"
10700,2679,1218,"actor"
10701,2679,4155,"actor"
10702,2680,3558,"actor"
10703,2680,3691,"director"
10704,2680,3982,"actor"
10705,2680,8061,"actor"
10706,2681,1385,"actor"
10707,2681,1753,"actor"
10708,2681,5095,"director"
10709,2681,8222,"actor"
10710,2682,1062,"director"
10711,2682,2604,"actor"
10712,2682,4538,"actor"
10713,2682,5235,"actor"
10714,2683,244,"actor"
10715,2683,3443,"actor"
10716,2683,4898,"director"
10717,2683,8316,"actor"
10718,2684,47,"director"
10719,2684,2691,"actor"
10720,2684,4804,"actor"
10721,2684,8222,"actor"
10722,2685,3869,"director"
10723,2685,4219,"actor"
10724,2685,5470,"actor"
10725,2685,5941,"actor"
10726,2686,1034,"actor"
10727,2686,3218,"actor"
10728,2686,5591,"director"
10729,2686,8148,"actor"
10730,2687,2016,"director"
10731,2687,4044,"actor"
10732,2687,4050,"actor"
10733,2687,7802,"actor"
10734,2688,971,"director"
10735,2688,5476,"actor"
10736,2688,5702,"actor"
10737,2688,7142,"actor"
10738,2689,469,"actor"
10739,2689,3974,"actor"
10740,2689,4038,"actor"
10741,2689,6359,"director"
10742,2690,2496,"director"
10743,2690,4876,"actor"
10744,2690,6018,"actor"
10745,2690,8328,"actor"
10746,2691,4651,"actor"
10747,2691,4709,"actor"
10748,2691,6584,"director"
10749,2691,7836,"actor"
10750,2692,4263,"actor"
10751,2692,6890,"director"
10752,2692,7231,"actor"
10753,2692,7885,"actor"
10754,2693,1032,"actor"
10755,2693,3338,"actor"
10756,2693,4310,"director"
10757,2693,6408,"actor"
10758,2694,4792,"actor"
10759,2694,5263,"director"
10760,2694,5317,"actor"
10761,2694,6536,"actor"
10762,2695,493,"actor"
10763,2695,1852,"director"
10764,2695,5470,"actor"
10765,2695,6549,"actor"
10766,2696,316,"actor"
10767,2696,4275,"director"
10768,2696,5962,"actor"
10769,2696,8360,"actor"
10770,2697,1773,"director"
10771,2697,2320,"actor"
10772,2697,3112,"actor"
10773,2697,5202,"actor"
10774,2698,685,"actor"
10775,2698,4766,"actor"
10776,2698,7539,"director"
10777,2698,7941,"actor"
10778,2699,5362,"actor"
10779,2699,7115,"actor"
10780,2699,7120,"actor"
10781,2699,7624,"director"
10782,2700,233,"director"
10783,2700,1662,"actor"
10784,2700,2903,"actor"
10785,2700,8143,"actor"
10786,2701,2097,"actor"
10787,2701,3320,"actor"
10788,2701,5905,"director"
10789,2701,6974,"actor"
10790,2702,1414,"actor"
10791,2702,3087,"actor"
10792,2702,3307,"actor"
10793,2702,4700,"director"
10794,2703,4352,"actor"
10795,2703,5811,"director"
10796,2703,6953,"actor"
10797,2703,7117,"actor"
10798,2704,89,"actor"
10799,2704,2147,"actor"
10800,2704,4100,"director"
10801,2704,4302,"actor"
10802,2705,2237,"actor"
10803,2705,3299,"actor"
10804,2705,5867,"director"
10805,2705,6953,"actor"
10806,2706,2237,"actor"
10807,2706,3299,"actor"
10808,2706,5867,"director"
10809,2706,6953,"actor"
10810,2707,173,"director"
10811,2707,2209,"actor"
10812,2707,2215,"actor"
10813,2707,4405,"actor"
10814,2708,22,"actor"
10815,2708,1910,"actor"
10816,2708,4520,"director"
10817,2708,7357,"actor"
10818,2709,2559,"director"
10819,2709,5269,"actor"
10820,2709,7208,"actor"
10821,2709,8035,"actor"
10822,2710,334,"actor"
10823,2710,4139,"actor"
10824,2710,4469,"director"
10825,2710,4573,"actor"
10826,2711,2180,"actor"
10827,2711,2549,"actor"
10828,2711,3886,"director"
10829,2711,4429,"actor"
10830,2712,302,"actor"
10831,2712,1278,"actor"
10832,2712,1561,"actor"
10833,2712,1711,"director"
10834,2713,1025,"actor"
10835,2713,3222,"actor"
10836,2713,5726,"director"
10837,2713,7616,"actor"
10838,2714,1178,"director"
10839,2714,3067,"actor"
10840,2714,4414,"actor"
10841,2714,7277,"actor"
10842,2715,3831,"actor"
10843,2715,6164,"director"
10844,2715,6834,"actor"
10845,2715,6914,"actor"
10846,2716,818,"director"
10847,2716,4901,"actor"
10848,2716,7808,"actor"
10849,2716,8289,"actor"
10850,2717,138,"actor"
10851,2717,3904,"director"
10852,2717,7028,"actor"
10853,2717,7838,"actor"
10854,2718,1626,"director"
10855,2718,5060,"actor"
10856,2718,6402,"actor"
10857,2718,7565,"actor"
10858,2719,3047,"actor"
10859,2719,6864,"actor"
10860,2719,7284,"director"
10861,2719,8236,"actor"
10862,2720,1371,"actor"
10863,2720,1430,"director"
10864,2720,3112,"actor"
10865,2720,7142,"actor"
10866,2721,2667,"director"
10867,2721,3349,"actor"
10868,2721,4638,"actor"
10869,2721,8230,"actor"
10870,2722,198,"actor"
10871,2722,6850,"actor"
10872,2722,7456,"director"
10873,2722,7607,"actor"
10874,2723,833,"actor"
10875,2723,1470,"director"
10876,2723,1919,"actor"
10877,2723,5253,"actor"
10878,2724,993,"director"
10879,2724,3846,"actor"
10880,2724,4625,"actor"
10881,2724,6765,"actor"
10882,2725,4084,"director"
10883,2725,4107,"actor"
10884,2725,4818,"actor"
10885,2725,5311,"actor"
10886,2726,1444,"director"
10887,2726,4912,"actor"
10888,2726,6088,"actor"
10889,2726,7482,"actor"
10890,2727,1785,"actor"
10891,2727,2489,"actor"
10892,2727,3991,"actor"
10893,2727,6691,"director"
10894,2728,782,"actor"
10895,2728,2178,"actor"
10896,2728,5581,"director"
10897,2728,5732,"actor"
10898,2729,4458,"director"
10899,2729,5260,"actor"
10900,2729,6070,"actor"
10901,2729,6093,"actor"
10902,2730,3240,"actor"
10903,2730,4134,"actor"
10904,2730,7254,"director"
10905,2730,7458,"actor"
10906,2731,4285,"actor"
10907,2731,5091,"actor"
10908,2731,5401,"actor"
10909,2731,6746,"director"
10910,2732,1095,"actor"
10911,2732,4642,"director"
10912,2732,5712,"actor"
10913,2732,5920,"actor"
10914,2733,634,"actor"
10915,2733,6195,"director"
10916,2733,6740,"actor"
10917,2733,8019,"actor"
10918,2734,2033,"actor"
10919,2734,4770,"director"
10920,2734,7393,"actor"
10921,2734,7941,"actor"
10922,2735,1377,"actor"
10923,2735,1814,"actor"
10924,2735,6202,"director"
10925,2735,7573,"actor"
10926,2736,1046,"actor"
10927,2736,2057,"actor"
10928,2736,7781,"director"
10929,2736,7864,"actor"
10930,2737,740,"actor"
10931,2737,2810,"actor"
10932,2737,5859,"actor"
10933,2737,7218,"director"
10934,2738,535,"actor"
10935,2738,1132,"actor"
10936,2738,4918,"actor"
10937,2738,6254,"director"
10938,2739,978,"actor"
10939,2739,4579,"actor"
10940,2739,5365,"actor"
10941,2739,5408,"director"
10942,2740,978,"actor"
10943,2740,5041,"actor"
10944,2740,7362,"director"
10945,2740,7727,"actor"
10946,2741,1350,"director"
10947,2741,1518,"actor"
10948,2741,2216,"actor"
10949,2741,6397,"actor"
10950,2742,781,"actor"
10951,2742,852,"actor"
10952,2742,4450,"actor"
10953,2742,6142,"director"
10954,2743,572,"actor"
10955,2743,3501,"actor"
10956,2743,5941,"actor"
10957,2743,6037,"director"
10958,2744,1269,"actor"
10959,2744,2870,"director"
10960,2744,4804,"actor"
10961,2744,6146,"actor"
10962,2745,960,"director"
10963,2745,1698,"actor"
10964,2745,3112,"actor"
10965,2745,4445,"actor"
10966,2746,299,"actor"
10967,2746,523,"director"
10968,2746,816,"actor"
10969,2746,7854,"actor"
10970,2747,4544,"actor"
10971,2747,6312,"director"
10972,2747,6707,"actor"
10973,2747,7751,"actor"
10974,2748,1123,"actor"
10975,2748,3492,"director"
10976,2748,5085,"actor"
10977,2748,6090,"actor"
10978,2749,232,"actor"
10979,2749,2180,"actor"
10980,2749,4572,"actor"
10981,2749,5662,"director"
10982,2750,1183,"actor"
10983,2750,2989,"actor"
10984,2750,3651,"actor"
10985,2750,4189,"director"
10986,2751,1371,"actor"
10987,2751,2920,"actor"
10988,2751,3360,"director"
10989,2751,4914,"actor"
10990,2752,1745,"actor"
10991,2752,1931,"director"
10992,2752,5209,"actor"
10993,2752,5417,"actor"
10994,2753,235,"actor"
10995,2753,358,"actor"
10996,2753,1604,"director"
10997,2753,8153,"actor"
10998,2754,125,"actor"
10999,2754,263,"actor"
11000,2754,1973,"actor"
11001,2754,4035,"director"
11002,2755,1419,"actor"
11003,2755,1865,"actor"
11004,2755,1865,"director"
11005,2755,6216,"actor"
11006,2756,1419,"actor"
11007,2756,1865,"actor"
11008,2756,1865,"director"
11009,2756,6216,"actor"
11010,2757,445,"actor"
11011,2757,550,"actor"
11012,2757,1667,"actor"
11013,2757,5623,"director"
11014,2758,3760,"actor"
11015,2758,4246,"director"
11016,2758,6760,"actor"
11017,2758,7615,"actor"
11018,2759,3760,"actor"
11019,2759,4246,"director"
11020,2759,6760,"actor"
11021,2759,7615,"actor"
11022,2760,1528,"director"
11023,2760,3143,"actor"
11024,2760,4026,"actor"
11025,2760,7057,"actor"
11026,2761,2697,"actor"
11027,2761,4416,"actor"
11028,2761,4789,"director"
11029,2761,7470,"actor"
11030,2762,756,"actor"
11031,2762,3684,"actor"
11032,2762,5359,"actor"
11033,2762,7794,"director"
11034,2763,2025,"actor"
11035,2763,6697,"director"
11036,2763,6945,"actor"
11037,2763,7003,"actor"
11038,2764,2214,"actor"
11039,2764,5676,"actor"
11040,2764,6666,"director"
11041,2764,8067,"actor"
11042,2765,1335,"actor"
11043,2765,2621,"actor"
11044,2765,5332,"director"
11045,2765,7824,"actor"
11046,2766,2940,"actor"
11047,2766,5580,"actor"
11048,2766,6302,"director"
11049,2766,8136,"actor"
11050,2767,2734,"director"
11051,2767,4468,"actor"
11052,2767,5357,"actor"
11053,2767,7617,"actor"
11054,2768,242,"actor"
11055,2768,722,"actor"
11056,2768,938,"actor"
11057,2768,3842,"director"
11058,2769,16,"actor"
11059,2769,4600,"director"
11060,2769,5147,"actor"
11061,2769,6834,"actor"
11062,2770,2010,"actor"
11063,2770,2550,"actor"
11064,2770,3014,"actor"
11065,2770,3796,"director"
11066,2771,1521,"actor"
11067,2771,5558,"director"
11068,2771,7453,"actor"
11069,2771,7878,"actor"
11070,2772,493,"actor"
11071,2772,4225,"director"
11072,2772,4247,"actor"
11073,2772,4725,"actor"
11074,2773,5352,"actor"
11075,2773,6067,"actor"
11076,2773,6707,"actor"
11077,2773,7506,"director"
11078,2774,514,"actor"
11079,2774,6822,"director"
11080,2774,6835,"actor"
11081,2774,7209,"actor"
11082,2775,343,"actor"
11083,2775,4044,"actor"
11084,2775,4153,"director"
11085,2775,8222,"actor"
11086,2776,2178,"actor"
11087,2776,2182,"actor"
11088,2776,4692,"actor"
11089,2776,7166,"director"
11090,2777,83,"actor"
11091,2777,1331,"actor"
11092,2777,4386,"director"
11093,2777,6051,"actor"
11094,2778,1435,"actor"
11095,2778,7112,"director"
11096,2778,7134,"actor"
11097,2778,7651,"actor"
11098,2779,639,"actor"
11099,2779,2654,"director"
11100,2779,4157,"actor"
11101,2779,8394,"actor"
11102,2780,219,"actor"
11103,2780,3665,"actor"
11104,2780,5506,"director"
11105,2780,7943,"actor"
11106,2781,56,"actor"
11107,2781,5802,"actor"
11108,2781,5802,"director"
11109,2781,8312,"actor"
11110,2782,3324,"director"
11111,2782,4097,"actor"
11112,2782,6834,"actor"
11113,2782,7121,"actor"
11114,2783,3087,"actor"
11115,2783,4056,"director"
11116,2783,5420,"actor"
11117,2783,6765,"actor"
11118,2784,4195,"actor"
11119,2784,5699,"director"
11120,2784,6382,"actor"
11121,2784,7885,"actor"
11122,2785,50,"actor"
11123,2785,1678,"director"
11124,2785,1744,"actor"
11125,2785,6485,"actor"
11126,2786,1091,"actor"
11127,2786,1201,"actor"
11128,2786,4799,"director"
11129,2786,8228,"actor"
11130,2787,230,"actor"
11131,2787,529,"director"
11132,2787,7054,"actor"
11133,2787,7069,"actor"
11134,2788,975,"actor"
11135,2788,2629,"director"
11136,2788,4912,"actor"
11137,2788,7636,"actor"
11138,2789,2493,"actor"
11139,2789,2610,"director"
11140,2789,4613,"actor"
11141,2789,6295,"actor"
11142,2790,2493,"actor"
11143,2790,2610,"director"
11144,2790,4613,"actor"
11145,2790,6295,"actor"
11146,2791,105,"actor"
11147,2791,2250,"actor"
11148,2791,3388,"director"
11149,2791,4439,"actor"
11150,2792,2749,"director"
11151,2792,3816,"actor"
11152,2792,5420,"actor"
11153,2792,7286,"actor"
11154,2793,17,"actor"
11155,2793,1629,"director"
11156,2793,4125,"actor"
11157,2793,7120,"actor"
11158,2794,17,"actor"
11159,2794,1629,"director"
11160,2794,4125,"actor"
11161,2794,7120,"actor"
11162,2795,102,"actor"
11163,2795,1344,"actor"
11164,2795,3128,"director"
11165,2795,6769,"actor"
11166,2796,1836,"director"
11167,2796,5818,"actor"
11168,2796,6541,"actor"
11169,2796,8120,"actor"
11170,2797,365,"actor"
11171,2797,2528,"actor"
11172,2797,4126,"director"
11173,2797,8162,"actor"
11174,2798,20,"actor"
11175,2798,2240,"actor"
11176,2798,4109,"actor"
11177,2798,7294,"director"
11178,2799,2631,"actor"
11179,2799,3557,"actor"
11180,2799,4519,"director"
11181,2799,7681,"actor"
11182,2800,1130,"actor"
11183,2800,1830,"actor"
11184,2800,2634,"actor"
11185,2800,3459,"director"
11186,2801,3764,"actor"
11187,2801,5777,"actor"
11188,2801,7494,"actor"
11189,2801,7904,"director"
11190,2802,362,"actor"
11191,2802,1328,"actor"
11192,2802,3166,"actor"
11193,2802,7809,"director"
11194,2803,3293,"actor"
11195,2803,3830,"actor"
11196,2803,4275,"director"
11197,2803,5771,"actor"
11198,2804,3123,"actor"
11199,2804,3157,"actor"
11200,2804,6648,"director"
11201,2804,7157,"actor"
11202,2805,920,"actor"
11203,2805,5534,"director"
11204,2805,5818,"actor"
11205,2805,7368,"actor"
11206,2806,119,"actor"
11207,2806,770,"actor"
11208,2806,1787,"actor"
11209,2806,2536,"director"
11210,2807,2686,"director"
11211,2807,3032,"actor"
11212,2807,3421,"actor"
11213,2807,8358,"actor"
11214,2808,5216,"director"
11215,2808,5330,"actor"
11216,2808,5941,"actor"
11217,2808,6303,"actor"
11218,2809,1276,"actor"
11219,2809,1666,"actor"
11220,2809,1689,"actor"
11221,2809,5196,"director"
11222,2810,1127,"actor"
11223,2810,1953,"director"
11224,2810,2360,"actor"
11225,2810,3911,"actor"
11226,2811,6437,"actor"
11227,2811,6804,"director"
11228,2811,6922,"actor"
11229,2811,8385,"actor"
11230,2812,54,"director"
11231,2812,2291,"actor"
11232,2812,3670,"actor"
11233,2812,6191,"actor"
11234,2813,4826,"actor"
11235,2813,6352,"director"
11236,2813,6614,"actor"
11237,2813,7477,"actor"
11238,2814,1714,"actor"
11239,2814,1950,"director"
11240,2814,2547,"actor"
11241,2814,6796,"actor"
11242,2815,2166,"actor"
11243,2815,3050,"actor"
11244,2815,8036,"actor"
11245,2815,8303,"director"
11246,2816,2289,"director"
11247,2816,3501,"actor"
11248,2816,4717,"actor"
11249,2816,7413,"actor"
11250,2817,778,"actor"
11251,2817,805,"actor"
11252,2817,2249,"director"
11253,2817,3813,"actor"
11254,2818,116,"director"
11255,2818,1351,"actor"
11256,2818,4121,"actor"
11257,2818,7371,"actor"
11258,2819,1491,"actor"
11259,2819,1550,"actor"
11260,2819,2029,"actor"
11261,2819,3135,"director"
11262,2820,250,"actor"
11263,2820,2579,"director"
11264,2820,8230,"actor"
11265,2820,8284,"actor"
11266,2821,1356,"director"
11267,2821,2300,"actor"
11268,2821,7492,"actor"
11269,2821,8200,"actor"
11270,2822,1371,"actor"
11271,2822,3020,"actor"
11272,2822,7849,"director"
11273,2822,8025,"actor"
11274,2823,2195,"actor"
11275,2823,2284,"actor"
11276,2823,4048,"director"
11277,2823,4621,"actor"
11278,2824,3482,"actor"
11279,2824,5678,"actor"
11280,2824,7649,"actor"
11281,2824,8042,"director"
11282,2825,1076,"actor"
11283,2825,1930,"director"
11284,2825,3916,"actor"
11285,2825,5865,"actor"
11286,2826,664,"actor"
11287,2826,1258,"actor"
11288,2826,3338,"actor"
11289,2826,6205,"director"
11290,2827,2951,"actor"
11291,2827,4621,"actor"
11292,2827,7201,"director"
11293,2827,8256,"actor"
11294,2828,1706,"actor"
11295,2828,4049,"director"
11296,2828,6463,"actor"
11297,2828,7427,"actor"
11298,2829,3474,"director"
11299,2829,4343,"actor"
11300,2829,7779,"actor"
11301,2829,8112,"actor"
11302,2830,3218,"actor"
11303,2830,3477,"director"
11304,2830,3613,"actor"
11305,2830,6476,"actor"
11306,2831,3218,"actor"
11307,2831,3477,"director"
11308,2831,3613,"actor"
11309,2831,6476,"actor"
11310,2832,312,"actor"
11311,2832,1080,"director"
11312,2832,2681,"actor"
11313,2832,7966,"actor"
11314,2833,1267,"actor"
11315,2833,2990,"actor"
11316,2833,4196,"director"
11317,2833,5267,"actor"
11318,2834,1589,"director"
11319,2834,4424,"actor"
11320,2834,6223,"actor"
11321,2834,6988,"actor"
11322,2835,1398,"actor"
11323,2835,4456,"director"
11324,2835,5719,"actor"
11325,2835,6834,"actor"
11326,2836,397,"actor"
11327,2836,5470,"actor"
11328,2836,6802,"director"
11329,2836,7870,"actor"
11330,2837,1053,"actor"
11331,2837,1623,"actor"
11332,2837,4092,"actor"
11333,2837,4770,"director"
11334,2838,2840,"actor"
11335,2838,5105,"actor"
11336,2838,5698,"director"
11337,2838,8039,"actor"
11338,2839,1611,"director"
11339,2839,4446,"actor"
11340,2839,6765,"actor"
11341,2839,6766,"actor"
11342,2840,1922,"actor"
11343,2840,2438,"actor"
11344,2840,3169,"director"
11345,2840,7819,"actor"
11346,2841,5462,"director"
11347,2841,6034,"actor"
11348,2841,6667,"actor"
11349,2841,7395,"actor"
11350,2842,2010,"actor"
11351,2842,7602,"actor"
11352,2842,7915,"actor"
11353,2842,7947,"director"
11354,2843,2503,"actor"
11355,2843,4730,"director"
11356,2843,4981,"actor"
11357,2843,6878,"actor"
11358,2844,3085,"actor"
11359,2844,4552,"actor"
11360,2844,7223,"director"
11361,2844,7618,"actor"
11362,2845,2362,"actor"
11363,2845,4845,"actor"
11364,2845,7487,"director"
11365,2845,7515,"actor"
11366,2846,904,"actor"
11367,2846,2955,"actor"
11368,2846,5097,"director"
11369,2846,7169,"actor"
11370,2847,72,"actor"
11371,2847,4303,"director"
11372,2847,5830,"actor"
11373,2847,6001,"actor"
11374,2848,1031,"director"
11375,2848,1671,"actor"
11376,2848,7689,"actor"
11377,2848,7817,"actor"
11378,2849,1508,"actor"
11379,2849,4388,"actor"
11380,2849,6717,"actor"
11381,2849,8145,"director"
11382,2850,396,"director"
11383,2850,4396,"actor"
11384,2850,4706,"actor"
11385,2850,7663,"actor"
11386,2851,664,"actor"
11387,2851,2460,"director"
11388,2851,4436,"actor"
11389,2851,7475,"actor"
11390,2852,1101,"actor"
11391,2852,1229,"director"
11392,2852,2068,"actor"
11393,2852,2134,"actor"
11394,2853,848,"actor"
11395,2853,4848,"actor"
11396,2853,7161,"director"
11397,2853,8387,"actor"
11398,2854,125,"actor"
11399,2854,910,"actor"
11400,2854,5317,"actor"
11401,2854,7539,"director"
11402,2855,1777,"actor"
11403,2855,2847,"actor"
11404,2855,3893,"director"
11405,2855,5228,"actor"
11406,2856,2798,"actor"
11407,2856,2998,"actor"
11408,2856,5878,"actor"
11409,2856,6648,"director"
11410,2857,311,"actor"
11411,2857,599,"actor"
11412,2857,5481,"actor"
11413,2857,6069,"director"
11414,2858,3685,"actor"
11415,2858,3763,"actor"
11416,2858,3957,"actor"
11417,2858,8094,"director"
11418,2859,1174,"actor"
11419,2859,1733,"actor"
11420,2859,2731,"actor"
11421,2859,8134,"director"
11422,2860,2877,"director"
11423,2860,3227,"actor"
11424,2860,4022,"actor"
11425,2860,6071,"actor"
11426,2861,317,"actor"
11427,2861,5099,"actor"
11428,2861,5461,"director"
11429,2861,5887,"actor"
11430,2862,1981,"actor"
11431,2862,2259,"director"
11432,2862,6317,"actor"
11433,2862,6927,"actor"
11434,2863,901,"director"
11435,2863,972,"actor"
11436,2863,3425,"actor"
11437,2863,3989,"actor"
11438,2864,971,"director"
11439,2864,1722,"actor"
11440,2864,4421,"actor"
11441,2864,5683,"actor"
11442,2865,52,"actor"
11443,2865,2110,"actor"
11444,2865,3908,"actor"
11445,2865,5670,"director"
11446,2866,2720,"director"
11447,2866,3218,"actor"
11448,2866,3286,"actor"
11449,2866,5470,"actor"
11450,2867,1119,"actor"
11451,2867,6753,"director"
11452,2867,7758,"actor"
11453,2867,8201,"actor"
11454,2868,3385,"actor"
11455,2868,5680,"actor"
11456,2868,5712,"actor"
11457,2868,6972,"director"
11458,2869,3002,"actor"
11459,2869,4377,"actor"
11460,2869,6291,"actor"
11461,2869,6840,"director"
11462,2870,3561,"director"
11463,2870,5171,"actor"
11464,2870,5902,"actor"
11465,2870,6598,"actor"
11466,2871,1928,"director"
11467,2871,2207,"actor"
11468,2871,3148,"actor"
11469,2871,3158,"actor"
11470,2872,960,"director"
11471,2872,1687,"actor"
11472,2872,5992,"actor"
11473,2872,8029,"actor"
11474,2873,2240,"actor"
11475,2873,2284,"actor"
11476,2873,7455,"actor"
11477,2873,7892,"director"
11478,2874,453,"actor"
11479,2874,1573,"actor"
11480,2874,1780,"director"
11481,2874,7289,"actor"
11482,2875,1410,"director"
11483,2875,4041,"actor"
11484,2875,7675,"actor"
11485,2875,7988,"actor"
11486,2876,1091,"actor"
11487,2876,2798,"actor"
11488,2876,5666,"director"
11489,2876,5907,"actor"
11490,2877,528,"director"
11491,2877,4943,"actor"
11492,2877,5860,"actor"
11493,2877,7663,"actor"
11494,2878,3574,"director"
11495,2878,5483,"actor"
11496,2878,5825,"actor"
11497,2878,7983,"actor"
11498,2879,1342,"director"
11499,2879,2398,"actor"
11500,2879,4282,"actor"
11501,2879,6959,"actor"
11502,2880,781,"actor"
11503,2880,5576,"actor"
11504,2880,5576,"director"
11505,2880,8007,"actor"
11506,2881,2243,"actor"
11507,2881,5576,"actor"
11508,2881,5576,"director"
11509,2881,7500,"actor"
11510,2882,1547,"actor"
11511,2882,1858,"director"
11512,2882,5485,"actor"
11513,2882,7897,"actor"
11514,2883,3218,"actor"
11515,2883,3338,"actor"
11516,2883,4599,"actor"
11517,2883,7052,"director"
11518,2884,3218,"actor"
11519,2884,3338,"actor"
11520,2884,4599,"actor"
11521,2884,7052,"director"
11522,2885,4846,"actor"
11523,2885,6033,"director"
11524,2885,6959,"actor"
11525,2885,7648,"actor"
11526,2886,1877,"actor"
11527,2886,3046,"actor"
11528,2886,5374,"director"
11529,2886,5854,"actor"
11530,2887,1317,"actor"
11531,2887,3002,"actor"
11532,2887,4738,"actor"
11533,2887,7604,"director"
11534,2888,1159,"actor"
11535,2888,2772,"actor"
11536,2888,7868,"actor"
11537,2888,7953,"director"
11538,2889,723,"actor"
11539,2889,1328,"actor"
11540,2889,1741,"director"
11541,2889,8001,"actor"
11542,2890,2366,"actor"
11543,2890,2902,"director"
11544,2890,3827,"actor"
11545,2890,4504,"actor"
11546,2891,588,"director"
11547,2891,3558,"actor"
11548,2891,4044,"actor"
11549,2891,8394,"actor"
11550,2892,1756,"actor"
11551,2892,3832,"director"
11552,2892,5330,"actor"
11553,2892,7073,"actor"
11554,2893,5277,"actor"
11555,2893,7020,"actor"
11556,2893,7338,"director"
11557,2893,8091,"actor"
11558,2894,196,"actor"
11559,2894,196,"director"
11560,2894,2787,"actor"
11561,2894,2896,"actor"
11562,2895,3675,"actor"
11563,2895,3939,"actor"
11564,2895,5745,"director"
11565,2895,5851,"actor"
11566,2896,392,"director"
11567,2896,910,"actor"
11568,2896,3651,"actor"
11569,2896,7055,"actor"
11570,2897,165,"actor"
11571,2897,2247,"actor"
11572,2897,5317,"actor"
11573,2897,6202,"director"
11574,2898,864,"director"
11575,2898,3604,"actor"
11576,2898,4750,"actor"
11577,2898,8224,"actor"
11578,2899,5777,"actor"
11579,2899,5990,"actor"
11580,2899,6739,"director"
11581,2899,7192,"actor"
11582,2900,802,"director"
11583,2900,6154,"actor"
11584,2900,7722,"actor"
11585,2900,8027,"actor"
11586,2901,3458,"actor"
11587,2901,3940,"director"
11588,2901,6047,"actor"
11589,2901,6234,"actor"
11590,2902,2373,"actor"
11591,2902,3180,"actor"
11592,2902,4230,"director"
11593,2902,5303,"actor"
11594,2903,422,"director"
11595,2903,2197,"actor"
11596,2903,4655,"actor"
11597,2903,5048,"actor"
11598,2904,1361,"director"
11599,2904,1422,"actor"
11600,2904,2477,"actor"
11601,2904,4628,"actor"
11602,2905,2671,"actor"
11603,2905,3290,"director"
11604,2905,4415,"actor"
11605,2905,7458,"actor"
11606,2906,2025,"actor"
11607,2906,2025,"director"
11608,2906,3937,"actor"
11609,2906,4264,"actor"
11610,2907,36,"actor"
11611,2907,1231,"director"
11612,2907,3914,"actor"
11613,2907,6595,"actor"
11614,2908,1731,"actor"
11615,2908,3266,"actor"
11616,2908,3570,"actor"
11617,2908,5268,"director"
11618,2909,3312,"actor"
11619,2909,4903,"actor"
11620,2909,6668,"director"
11621,2909,8373,"actor"
11622,2910,3649,"actor"
11623,2910,6030,"director"
11624,2910,6864,"actor"
11625,2910,8085,"actor"
11626,2911,2569,"actor"
11627,2911,3613,"actor"
11628,2911,6280,"director"
11629,2911,7800,"actor"
11630,2912,4547,"actor"
11631,2912,5095,"director"
11632,2912,5792,"actor"
11633,2912,7277,"actor"
11634,2913,1522,"actor"
11635,2913,2158,"director"
11636,2913,5995,"actor"
11637,2913,6086,"actor"
11638,2914,4,"actor"
11639,2914,3059,"actor"
11640,2914,4959,"actor"
11641,2914,5557,"director"
11642,2915,1370,"actor"
11643,2915,4130,"actor"
11644,2915,4596,"actor"
11645,2915,5674,"director"
11646,2916,957,"actor"
11647,2916,2472,"actor"
11648,2916,5017,"actor"
11649,2916,8043,"director"
11650,2917,464,"actor"
11651,2917,3743,"actor"
11652,2917,5353,"actor"
11653,2917,7385,"director"
11654,2918,1884,"actor"
11655,2918,3884,"actor"
11656,2918,6666,"director"
11657,2918,8258,"actor"
11658,2919,218,"actor"
11659,2919,2596,"director"
11660,2919,3581,"actor"
11661,2919,7838,"actor"
11662,2920,2220,"actor"
11663,2920,3854,"director"
11664,2920,4914,"actor"
11665,2920,8148,"actor"
11666,2921,693,"actor"
11667,2921,2532,"actor"
11668,2921,2796,"actor"
11669,2921,3210,"director"
11670,2922,372,"actor"
11671,2922,7462,"director"
11672,2922,7474,"actor"
11673,2922,8270,"actor"
11674,2923,1951,"actor"
11675,2923,2726,"actor"
11676,2923,6382,"actor"
11677,2923,7640,"director"
11678,2924,162,"actor"
11679,2924,1929,"director"
11680,2924,5110,"actor"
11681,2924,8320,"actor"
11682,2925,1940,"director"
11683,2925,4043,"actor"
11684,2925,4459,"actor"
11685,2925,6898,"actor"
11686,2926,2281,"actor"
11687,2926,3419,"director"
11688,2926,5858,"actor"
11689,2926,7969,"actor"
11690,2927,424,"actor"
11691,2927,3717,"actor"
11692,2927,6313,"director"
11693,2927,7626,"actor"
11694,2928,3750,"actor"
11695,2928,4497,"actor"
11696,2928,6194,"actor"
11697,2928,6230,"director"
11698,2929,271,"actor"
11699,2929,6058,"actor"
11700,2929,6833,"actor"
11701,2929,7587,"director"
11702,2930,1317,"actor"
11703,2930,4926,"actor"
11704,2930,5427,"actor"
11705,2930,6426,"director"
11706,2931,754,"actor"
11707,2931,1001,"actor"
11708,2931,5930,"actor"
11709,2931,7946,"director"
11710,2932,649,"actor"
11711,2932,4329,"actor"
11712,2932,5799,"actor"
11713,2932,5799,"director"
11714,2933,2363,"actor"
11715,2933,3198,"director"
11716,2933,5588,"actor"
11717,2933,6159,"actor"
11718,2934,1328,"actor"
11719,2934,4526,"director"
11720,2934,5068,"actor"
11721,2934,7115,"actor"
11722,2935,265,"actor"
11723,2935,4340,"actor"
11724,2935,5113,"director"
11725,2935,8363,"actor"
11726,2936,4508,"actor"
11727,2936,5487,"director"
11728,2936,5583,"actor"
11729,2936,8363,"actor"
11730,2937,893,"actor"
11731,2937,1185,"director"
11732,2937,4693,"actor"
11733,2937,7734,"actor"
11734,2938,320,"actor"
11735,2938,2471,"actor"
11736,2938,4340,"actor"
11737,2938,6134,"director"
11738,2939,1885,"director"
11739,2939,1941,"actor"
11740,2939,3014,"actor"
11741,2939,6983,"actor"
11742,2940,79,"director"
11743,2940,1290,"actor"
11744,2940,2234,"actor"
11745,2940,4818,"actor"
11746,2941,3287,"director"
11747,2941,5338,"actor"
11748,2941,5822,"actor"
11749,2941,7802,"actor"
11750,2942,3482,"actor"
11751,2942,3717,"actor"
11752,2942,5803,"actor"
11753,2942,6378,"director"
11754,2943,530,"actor"
11755,2943,3342,"director"
11756,2943,6026,"actor"
11757,2943,6766,"actor"
11758,2944,359,"director"
11759,2944,1522,"actor"
11760,2944,2834,"actor"
11761,2944,3736,"actor"
11762,2945,64,"actor"
11763,2945,1587,"actor"
11764,2945,6153,"director"
11765,2945,7726,"actor"
11766,2946,2120,"director"
11767,2946,2506,"actor"
11768,2946,3586,"actor"
11769,2946,4836,"actor"
11770,2947,4665,"actor"
11771,2947,5548,"actor"
11772,2947,7662,"actor"
11773,2947,8023,"director"
11774,2948,2181,"actor"
11775,2948,3726,"actor"
11776,2948,7772,"actor"
11777,2948,8168,"director"
11778,2949,11,"actor"
11779,2949,3515,"actor"
11780,2949,3907,"director"
11781,2949,6376,"actor"
11782,2950,510,"actor"
11783,2950,1850,"director"
11784,2950,3286,"actor"
11785,2950,6765,"actor"
11786,2951,3760,"actor"
11787,2951,4152,"actor"
11788,2951,4538,"actor"
11789,2951,6785,"director"
11790,2952,491,"director"
11791,2952,741,"actor"
11792,2952,4208,"actor"
11793,2952,8323,"actor"
11794,2953,628,"actor"
11795,2953,2033,"actor"
11796,2953,6224,"director"
11797,2953,8086,"actor"
11798,2954,1364,"actor"
11799,2954,1952,"director"
11800,2954,2692,"actor"
11801,2954,2743,"actor"
11802,2955,2219,"director"
11803,2955,3340,"actor"
11804,2955,7864,"actor"
11805,2955,8120,"actor"
11806,2956,129,"actor"
11807,2956,2641,"director"
11808,2956,7097,"actor"
11809,2956,8059,"actor"
11810,2957,680,"director"
11811,2957,1059,"actor"
11812,2957,2228,"actor"
11813,2957,2455,"actor"
11814,2958,343,"actor"
11815,2958,5566,"director"
11816,2958,6881,"actor"
11817,2958,7824,"actor"
11818,2959,1263,"actor"
11819,2959,1824,"actor"
11820,2959,5304,"director"
11821,2959,8122,"actor"
11822,2960,2297,"actor"
11823,2960,2919,"actor"
11824,2960,3500,"director"
11825,2960,3620,"actor"
11826,2961,1257,"actor"
11827,2961,1749,"director"
11828,2961,3392,"actor"
11829,2961,5941,"actor"
11830,2962,471,"actor"
11831,2962,2582,"actor"
11832,2962,2972,"actor"
11833,2962,4262,"director"
11834,2963,5454,"actor"
11835,2963,5475,"actor"
11836,2963,5631,"director"
11837,2963,6439,"actor"
11838,2964,52,"actor"
11839,2964,54,"director"
11840,2964,1130,"actor"
11841,2964,4376,"actor"
11842,2965,248,"actor"
11843,2965,3404,"actor"
11844,2965,5933,"actor"
11845,2965,6477,"director"
11846,2966,2118,"actor"
11847,2966,2534,"director"
11848,2966,3834,"actor"
11849,2966,8343,"actor"
11850,2967,4792,"actor"
11851,2967,5529,"actor"
11852,2967,6697,"director"
11853,2967,7357,"actor"
11854,2968,1077,"director"
11855,2968,1308,"actor"
11856,2968,2074,"actor"
11857,2968,3357,"actor"
11858,2969,149,"actor"
11859,2969,2639,"actor"
11860,2969,2893,"actor"
11861,2969,6499,"director"
11862,2970,3354,"actor"
11863,2970,5328,"actor"
11864,2970,5943,"director"
11865,2970,7886,"actor"
11866,2971,910,"actor"
11867,2971,2460,"director"
11868,2971,3218,"actor"
11869,2971,4539,"actor"
11870,2972,1201,"actor"
11871,2972,1771,"director"
11872,2972,7645,"actor"
11873,2972,8088,"actor"
11874,2973,4269,"director"
11875,2973,5040,"actor"
11876,2973,5306,"actor"
11877,2973,5838,"actor"
11878,2974,445,"actor"
11879,2974,1500,"director"
11880,2974,1540,"actor"
11881,2974,5553,"actor"
11882,2975,650,"actor"
11883,2975,1250,"director"
11884,2975,2064,"actor"
11885,2975,3828,"actor"
11886,2976,463,"actor"
11887,2976,1469,"director"
11888,2976,4063,"actor"
11889,2976,5321,"actor"
11890,2977,797,"actor"
11891,2977,2821,"director"
11892,2977,3005,"actor"
11893,2977,7838,"actor"
11894,2978,1296,"actor"
11895,2978,3723,"actor"
11896,2978,7451,"director"
11897,2978,8339,"actor"
11898,2979,705,"actor"
11899,2979,4900,"actor"
11900,2979,5340,"director"
11901,2979,5705,"actor"
11902,2980,292,"actor"
11903,2980,1966,"director"
11904,2980,2171,"actor"
11905,2980,2955,"actor"
11906,2981,3482,"actor"
11907,2981,3780,"actor"
11908,2981,5401,"actor"
11909,2981,6233,"director"
11910,2982,33,"director"
11911,2982,6245,"actor"
11912,2982,6996,"actor"
11913,2982,7023,"actor"
11914,2983,490,"actor"
11915,2983,2398,"actor"
11916,2983,4442,"actor"
11917,2983,5093,"director"
11918,2984,1130,"actor"
11919,2984,3153,"actor"
11920,2984,3459,"director"
11921,2984,7940,"actor"
11922,2985,1263,"actor"
11923,2985,1789,"actor"
11924,2985,3533,"director"
11925,2986,4227,"actor"
11926,2986,5894,"actor"
11927,2986,6028,"director"
11928,2986,7866,"actor"
11929,2987,3452,"actor"
11930,2987,3641,"actor"
11931,2987,5873,"director"
11932,2987,6991,"actor"
11933,2988,1150,"actor"
11934,2988,3983,"director"
11935,2988,5470,"actor"
11936,2988,6382,"actor"
11937,2989,2931,"director"
11938,2989,3674,"actor"
11939,2989,5287,"actor"
11940,2989,6737,"actor"
11941,2990,4878,"actor"
11942,2990,5347,"actor"
11943,2990,7278,"actor"
11944,2990,7528,"director"
11945,2991,1094,"actor"
11946,2991,1629,"director"
11947,2991,2461,"actor"
11948,2991,6922,"actor"
11949,2992,1522,"actor"
11950,2992,4613,"actor"
11951,2992,4628,"actor"
11952,2992,7431,"director"
11953,2993,3240,"actor"
11954,2993,3389,"director"
11955,2993,4933,"actor"
11956,2993,5528,"actor"
11957,2994,43,"director"
11958,2994,2012,"actor"
11959,2994,6602,"actor"
11960,2994,8060,"actor"
11961,2995,3760,"actor"
11962,2995,4316,"director"
11963,2995,4544,"actor"
11964,2995,5567,"actor"
11965,2996,200,"director"
11966,2996,2437,"actor"
11967,2996,4449,"actor"
11968,2996,4590,"actor"
11969,2997,1372,"actor"
11970,2997,4696,"actor"
11971,2997,6024,"director"
11972,2997,7768,"actor"
11973,2998,792,"actor"
11974,2998,2202,"actor"
11975,2998,5088,"director"
11976,2998,8114,"actor"
11977,2999,651,"actor"
11978,2999,2413,"actor"
11979,2999,5592,"actor"
11980,2999,6780,"director"
11981,3000,240,"actor"
11982,3000,427,"director"
11983,3000,5365,"actor"
11984,3000,6536,"actor"
11985,3001,3235,"actor"
11986,3001,5142,"actor"
11987,3001,5710,"actor"
11988,3001,5912,"director"
11989,3002,4038,"actor"
11990,3002,4395,"actor"
11991,3002,6766,"actor"
11992,3002,7233,"director"
11993,3003,1562,"actor"
11994,3003,5048,"actor"
11995,3003,7084,"actor"
11996,3003,8246,"director"
11997,3004,1501,"actor"
11998,3004,6034,"actor"
11999,3004,6890,"director"
12000,3004,7838,"actor"
12001,3005,1251,"actor"
12002,3005,1578,"director"
12003,3005,5582,"actor"
12004,3005,5741,"actor"
12005,3006,2787,"actor"
12006,3006,4177,"director"
12007,3006,4686,"actor"
12008,3006,7312,"actor"
12009,3007,4476,"actor"
12010,3007,6490,"director"
12011,3007,6517,"actor"
12012,3007,6775,"actor"
12013,3008,493,"actor"
12014,3008,797,"actor"
12015,3008,2197,"actor"
12016,3008,6343,"director"
12017,3009,19,"actor"
12018,3009,1879,"director"
12019,3009,2028,"actor"
12020,3009,4102,"actor"
12021,3010,3800,"actor"
12022,3010,7533,"actor"
12023,3010,8096,"director"
12024,3010,8120,"actor"
12025,3011,1063,"actor"
12026,3011,3478,"actor"
12027,3011,5148,"director"
12028,3011,5267,"actor"
12029,3012,95,"actor"
12030,3012,1500,"actor"
12031,3012,1500,"director"
12032,3012,2174,"actor"
12033,3013,343,"actor"
12034,3013,396,"director"
12035,3013,1818,"actor"
12036,3013,7497,"actor"
12037,3014,1258,"actor"
12038,3014,2237,"actor"
12039,3014,6280,"director"
12040,3014,8230,"actor"
12041,3015,765,"actor"
12042,3015,1738,"actor"
12043,3015,2423,"actor"
12044,3015,4047,"director"
12045,3016,1699,"director"
12046,3016,2059,"actor"
12047,3016,5258,"actor"
12048,3016,5455,"actor"
12049,3017,994,"actor"
12050,3017,2933,"director"
12051,3017,3197,"actor"
12052,3017,7234,"actor"
12053,3018,1562,"actor"
12054,3018,4481,"director"
12055,3018,4968,"actor"
12056,3018,5339,"actor"
12057,3019,2522,"actor"
12058,3019,3320,"actor"
12059,3019,4364,"actor"
12060,3019,6750,"director"
12061,3020,964,"actor"
12062,3020,3016,"director"
12063,3020,4399,"actor"
12064,3020,4860,"actor"
12065,3021,478,"actor"
12066,3021,2304,"actor"
12067,3021,2397,"actor"
12068,3021,5261,"director"
12069,3022,2993,"actor"
12070,3022,3736,"actor"
12071,3022,6536,"actor"
12072,3022,7540,"director"
12073,3023,947,"actor"
12074,3023,3129,"director"
12075,3023,3401,"actor"
12076,3023,7458,"actor"
12077,3024,3558,"actor"
12078,3024,4038,"actor"
12079,3024,4038,"director"
12080,3024,6765,"actor"
12081,3025,1164,"actor"
12082,3025,2602,"actor"
12083,3025,3145,"actor"
12084,3025,7767,"director"
12085,3026,460,"actor"
12086,3026,947,"actor"
12087,3026,2387,"director"
12088,3026,4157,"actor"
12089,3027,2159,"director"
12090,3027,3014,"actor"
12091,3027,4621,"actor"
12092,3027,7891,"actor"
12093,3028,3423,"actor"
12094,3028,4218,"actor"
12095,3028,6135,"director"
12096,3028,8284,"actor"
12097,3029,445,"actor"
12098,3029,1666,"actor"
12099,3029,5206,"director"
12100,3029,8192,"actor"
12101,3030,3843,"director"
12102,3030,5265,"actor"
12103,3030,6931,"actor"
12104,3030,7632,"actor"
12105,3031,3501,"actor"
12106,3031,4267,"actor"
12107,3031,5872,"director"
12108,3031,6799,"actor"
12109,3032,2755,"director"
12110,3032,5071,"actor"
12111,3032,5312,"actor"
12112,3032,6751,"actor"
12113,3033,53,"actor"
12114,3033,2320,"actor"
12115,3033,5258,"actor"
12116,3033,5900,"director"
12117,3034,1088,"director"
12118,3034,6856,"actor"
12119,3034,7475,"actor"
12120,3034,7683,"actor"
12121,3035,749,"actor"
12122,3035,1201,"actor"
12123,3035,2393,"director"
12124,3035,3276,"actor"
12125,3036,686,"actor"
12126,3036,1075,"actor"
12127,3036,4539,"actor"
12128,3036,6235,"director"
12129,3037,1522,"actor"
12130,3037,4247,"actor"
12131,3037,5470,"actor"
12132,3037,6396,"director"
12133,3038,3361,"director"
12134,3038,3534,"actor"
12135,3038,6215,"actor"
12136,3038,6389,"actor"
12137,3039,1852,"director"
12138,3039,2392,"actor"
12139,3039,2955,"actor"
12140,3039,4372,"actor"
12141,3040,685,"actor"
12142,3040,3402,"actor"
12143,3040,3977,"director"
12144,3040,5710,"actor"
12145,3041,99,"actor"
12146,3041,3386,"actor"
12147,3041,6652,"director"
12148,3041,8386,"actor"
12149,3042,993,"director"
12150,3042,5091,"actor"
12151,3042,5700,"actor"
12152,3042,7281,"actor"
12153,3043,1130,"actor"
12154,3043,2074,"actor"
12155,3043,3459,"director"
12156,3043,5471,"actor"
12157,3044,2010,"actor"
12158,3044,2939,"director"
12159,3044,3338,"actor"
12160,3044,4968,"actor"
12161,3045,4135,"actor"
12162,3045,4738,"actor"
12163,3045,6062,"actor"
12164,3045,7404,"director"
12165,3046,233,"director"
12166,3046,1094,"actor"
12167,3046,3458,"actor"
12168,3046,4224,"actor"
12169,3047,1689,"actor"
12170,3047,3091,"director"
12171,3047,6701,"actor"
12172,3047,7659,"actor"
12173,3048,2090,"actor"
12174,3048,3579,"director"
12175,3048,4808,"actor"
12176,3048,5866,"actor"
12177,3049,17,"actor"
12178,3049,240,"actor"
12179,3049,554,"actor"
12180,3049,6346,"director"
12181,3050,525,"actor"
12182,3050,1418,"actor"
12183,3050,2798,"actor"
12184,3050,3611,"director"
12185,3051,1807,"director"
12186,3051,4818,"actor"
12187,3051,5732,"actor"
12188,3051,6799,"actor"
12189,3052,2422,"director"
12190,3052,3447,"actor"
12191,3052,4026,"actor"
12192,3052,5125,"actor"
12193,3053,5972,"actor"
12194,3053,6273,"actor"
12195,3053,7131,"actor"
12196,3053,7949,"director"
12197,3054,3572,"director"
12198,3054,7475,"actor"
12199,3054,8201,"actor"
12200,3054,8267,"actor"
12201,3055,1142,"actor"
12202,3055,4673,"actor"
12203,3055,5532,"actor"
12204,3055,6203,"director"
12205,3056,3908,"actor"
12206,3056,4032,"actor"
12207,3056,4687,"actor"
12208,3056,5100,"director"
12209,3057,1858,"director"
12210,3057,2691,"actor"
12211,3057,3338,"actor"
12212,3057,6930,"actor"
12213,3058,897,"actor"
12214,3058,1045,"director"
12215,3058,2793,"actor"
12216,3058,7470,"actor"
12217,3059,3013,"director"
12218,3059,6956,"actor"
12219,3059,8335,"actor"
12220,3059,8341,"actor"
12221,3060,2601,"actor"
12222,3060,2723,"director"
12223,3060,3608,"actor"
12224,3060,6684,"actor"
12225,3061,1539,"actor"
12226,3061,5721,"actor"
12227,3061,5882,"director"
12228,3061,7169,"actor"
12229,3062,1526,"actor"
12230,3062,4237,"actor"
12231,3062,4823,"director"
12232,3062,8192,"actor"
12233,3063,2814,"actor"
12234,3063,5095,"director"
12235,3063,5303,"actor"
12236,3063,6915,"actor"
12237,3064,395,"actor"
12238,3064,1690,"actor"
12239,3064,3501,"actor"
12240,3064,3915,"director"
12241,3065,493,"actor"
12242,3065,790,"actor"
12243,3065,4073,"director"
12244,3065,6927,"actor"
12245,3066,4015,"director"
12246,3066,7626,"actor"
12247,3066,7938,"actor"
12248,3066,8198,"actor"
12249,3067,250,"actor"
12250,3067,1891,"director"
12251,3067,4125,"actor"
12252,3067,6504,"actor"
12253,3068,793,"actor"
12254,3068,4684,"director"
12255,3068,7491,"actor"
12256,3068,7630,"actor"
12257,3069,220,"actor"
12258,3069,1780,"director"
12259,3069,6109,"actor"
12260,3069,6227,"actor"
12261,3070,3825,"actor"
12262,3070,4352,"actor"
12263,3070,4792,"actor"
12264,3070,7049,"director"
12265,3071,1,"actor"
12266,3071,125,"actor"
12267,3071,4035,"director"
12268,3071,6764,"actor"
12269,3072,3494,"actor"
12270,3072,4210,"director"
12271,3072,7020,"actor"
12272,3072,7093,"actor"
12273,3073,2798,"actor"
12274,3073,2944,"director"
12275,3073,7886,"actor"
12276,3073,7915,"actor"
12277,3074,871,"actor"
12278,3074,1940,"director"
12279,3074,3827,"actor"
12280,3074,4459,"actor"
12281,3075,1573,"actor"
12282,3075,1860,"director"
12283,3075,4237,"actor"
12284,3075,7168,"actor"
12285,3076,4482,"director"
12286,3076,5347,"actor"
12287,3076,5381,"actor"
12288,3076,8222,"actor"
12289,3077,2667,"director"
12290,3077,5048,"actor"
12291,3077,6922,"actor"
12292,3077,8230,"actor"
12293,3078,254,"actor"
12294,3078,4387,"actor"
12295,3078,5510,"actor"
12296,3078,7184,"director"
12297,3079,167,"actor"
12298,3079,4420,"actor"
12299,3079,5263,"director"
12300,3079,5649,"actor"
12301,3080,1635,"actor"
12302,3080,1843,"actor"
12303,3080,3351,"actor"
12304,3080,5295,"director"
12305,3081,208,"director"
12306,3081,3266,"actor"
12307,3081,4795,"actor"
12308,3081,7699,"actor"
12309,3082,458,"actor"
12310,3082,631,"actor"
12311,3082,1741,"director"
12312,3082,7139,"actor"
12313,3083,749,"actor"
12314,3083,5070,"director"
12315,3083,5680,"actor"
12316,3083,7192,"actor"
12317,3084,1290,"actor"
12318,3084,4466,"actor"
12319,3084,4591,"director"
12320,3084,6063,"actor"
12321,3085,4555,"actor"
12322,3085,4666,"director"
12323,3085,5899,"actor"
12324,3085,7169,"actor"
12325,3086,2452,"director"
12326,3086,3584,"actor"
12327,3086,4451,"actor"
12328,3086,5414,"actor"
12329,3087,697,"actor"
12330,3087,1419,"actor"
12331,3087,4229,"actor"
12332,3087,6757,"director"
12333,3088,47,"director"
12334,3088,53,"actor"
12335,3088,375,"actor"
12336,3088,8222,"actor"
12337,3089,1170,"actor"
12338,3089,4052,"director"
12339,3089,4989,"actor"
12340,3089,5131,"actor"
12341,3090,20,"actor"
12342,3090,1218,"actor"
12343,3090,4135,"actor"
12344,3090,4578,"director"
12345,3091,601,"actor"
12346,3091,2636,"director"
12347,3091,3567,"actor"
12348,3091,4494,"actor"
12349,3092,1328,"actor"
12350,3092,1820,"director"
12351,3092,4405,"actor"
12352,3092,5990,"actor"
12353,3093,1980,"actor"
12354,3093,2191,"actor"
12355,3093,5197,"actor"
12356,3093,6456,"director"
12357,3094,1396,"director"
12358,3094,1497,"actor"
12359,3094,5283,"actor"
12360,3094,6191,"actor"
12361,3095,1592,"director"
12362,3095,2171,"actor"
12363,3095,5175,"actor"
12364,3095,7975,"actor"
12365,3096,5365,"actor"
12366,3096,7006,"director"
12367,3096,7125,"actor"
12368,3096,7157,"actor"
12369,3097,4171,"director"
12370,3097,4199,"actor"
12371,3097,5041,"actor"
12372,3097,5850,"actor"
12373,3098,1248,"director"
12374,3098,3618,"actor"
12375,3098,6382,"actor"
12376,3098,7069,"actor"
12377,3099,3080,"actor"
12378,3099,4832,"actor"
12379,3099,6403,"director"
12380,3099,8301,"actor"
12381,3100,230,"actor"
12382,3100,5269,"actor"
12383,3100,5783,"actor"
12384,3100,8034,"director"
12385,3101,1710,"actor"
12386,3101,3482,"actor"
12387,3101,6857,"director"
12388,3101,7016,"actor"
12389,3102,255,"actor"
12390,3102,300,"director"
12391,3102,832,"actor"
12392,3102,1374,"actor"
12393,3103,1107,"actor"
12394,3103,5198,"director"
12395,3103,6645,"actor"
12396,3103,7292,"actor"
12397,3104,5404,"actor"
12398,3104,6000,"actor"
12399,3104,6596,"director"
12400,3104,8358,"actor"
12401,3105,2928,"actor"
12402,3105,5375,"actor"
12403,3105,6468,"actor"
12404,3105,6865,"director"
12405,3106,382,"director"
12406,3106,1644,"actor"
12407,3106,6295,"actor"
12408,3106,6399,"actor"
12409,3107,80,"actor"
12410,3107,442,"actor"
12411,3107,2584,"actor"
12412,3107,4728,"director"
12413,3108,1804,"actor"
12414,3108,2155,"actor"
12415,3108,2789,"actor"
12416,3108,6177,"director"
12417,3109,910,"actor"
12418,3109,1850,"director"
12419,3109,3458,"actor"
12420,3109,4218,"actor"
12421,3110,1371,"actor"
12422,3110,1430,"director"
12423,3110,3020,"actor"
12424,3110,5777,"actor"
12425,3111,4043,"actor"
12426,3111,4194,"actor"
12427,3111,4405,"actor"
12428,3111,7151,"director"
12429,3112,4043,"actor"
12430,3112,4194,"actor"
12431,3112,4405,"actor"
12432,3112,7151,"director"
12433,3113,1263,"actor"
12434,3113,2097,"actor"
12435,3113,3015,"actor"
12436,3113,7136,"director"
12437,3114,1242,"actor"
12438,3114,2022,"actor"
12439,3114,2698,"director"
12440,3114,5945,"actor"
12441,3115,186,"actor"
12442,3115,1308,"actor"
12443,3115,1898,"director"
12444,3115,6014,"actor"
12445,3116,3717,"actor"
12446,3116,5485,"actor"
12447,3116,6734,"director"
12448,3116,7760,"actor"
12449,3117,1638,"actor"
12450,3117,3554,"director"
12451,3117,4302,"actor"
12452,3117,8295,"actor"
12453,3118,150,"actor"
12454,3118,4617,"actor"
12455,3118,5027,"director"
12456,3118,8394,"actor"
12457,3119,2955,"actor"
12458,3119,3701,"actor"
12459,3119,5652,"director"
12460,3119,6509,"actor"
12461,3120,765,"actor"
12462,3120,2366,"actor"
12463,3120,2636,"director"
12464,3120,4356,"actor"
12465,3121,978,"actor"
12466,3121,1373,"actor"
12467,3121,3651,"actor"
12468,3121,4374,"director"
12469,3122,4947,"director"
12470,3122,6334,"actor"
12471,3122,8013,"actor"
12472,3122,8256,"actor"
12473,3123,619,"actor"
12474,3123,911,"actor"
12475,3123,2907,"director"
12476,3123,4941,"actor"
12477,3124,1793,"actor"
12478,3124,2623,"director"
12479,3124,2682,"actor"
12480,3124,7662,"actor"
12481,3125,4282,"actor"
12482,3125,5114,"director"
12483,3125,6881,"actor"
12484,3125,8081,"actor"
12485,3126,3937,"actor"
12486,3126,4362,"actor"
12487,3126,5201,"actor"
12488,3126,5867,"director"
12489,3127,915,"actor"
12490,3127,1024,"actor"
12491,3127,4804,"actor"
12492,3127,7001,"director"
12493,3128,947,"actor"
12494,3128,3717,"actor"
12495,3128,6725,"director"
12496,3128,6975,"actor"
12497,3129,722,"actor"
12498,3129,4266,"director"
12499,3129,5830,"actor"
12500,3129,7142,"actor"
12501,3130,540,"actor"
12502,3130,3328,"director"
12503,3130,4692,"actor"
12504,3130,7332,"actor"
12505,3131,192,"director"
12506,3131,1754,"actor"
12507,3131,3738,"actor"
12508,3131,4796,"actor"
12509,3132,1093,"actor"
12510,3132,5697,"director"
12511,3132,6375,"actor"
12512,3132,8340,"actor"
12513,3133,885,"actor"
12514,3133,1308,"actor"
12515,3133,3622,"actor"
12516,3133,4927,"director"
12517,3134,1880,"actor"
12518,3134,4352,"actor"
12519,3134,7454,"director"
12520,3134,7588,"actor"
12521,3135,915,"actor"
12522,3135,2366,"actor"
12523,3135,4152,"actor"
12524,3135,6288,"director"
12525,3136,1155,"director"
12526,3136,4095,"actor"
12527,3136,4709,"actor"
12528,3136,7227,"actor"
12529,3137,261,"actor"
12530,3137,2836,"director"
12531,3137,3617,"actor"
12532,3137,5844,"actor"
12533,3138,320,"actor"
12534,3138,843,"actor"
12535,3138,5596,"actor"
12536,3138,7081,"director"
12537,3139,3784,"actor"
12538,3139,5222,"director"
12539,3139,5266,"actor"
12540,3139,7841,"actor"
12541,3140,2608,"director"
12542,3140,3281,"actor"
12543,3140,4948,"actor"
12544,3140,7142,"actor"
12545,3141,2367,"actor"
12546,3141,2604,"actor"
12547,3141,5352,"actor"
12548,3141,7039,"director"
12549,3142,17,"actor"
12550,3142,4083,"director"
12551,3142,5293,"actor"
12552,3142,5471,"actor"
12553,3143,2018,"director"
12554,3143,2335,"actor"
12555,3143,3629,"actor"
12556,3143,5400,"actor"
12557,3144,1970,"actor"
12558,3144,1981,"actor"
12559,3144,2060,"director"
12560,3144,3276,"actor"
12561,3145,108,"actor"
12562,3145,1773,"director"
12563,3145,3906,"actor"
12564,3145,5202,"actor"
12565,3146,1091,"actor"
12566,3146,1320,"director"
12567,3146,5743,"actor"
12568,3146,5934,"actor"
12569,3147,2240,"actor"
12570,3147,4621,"actor"
12571,3147,8032,"director"
12572,3147,8256,"actor"
12573,3148,424,"actor"
12574,3148,425,"actor"
12575,3148,1708,"director"
12576,3148,7074,"actor"
12577,3149,2036,"actor"
12578,3149,2815,"actor"
12579,3149,2816,"director"
12580,3149,2866,"actor"
12581,3150,900,"director"
12582,3150,2256,"actor"
12583,3150,5031,"actor"
12584,3150,7755,"actor"
12585,3151,716,"director"
12586,3151,930,"actor"
12587,3151,6765,"actor"
12588,3151,7497,"actor"
12589,3152,3369,"director"
12590,3152,3764,"actor"
12591,3152,3859,"actor"
12592,3152,5363,"actor"
12593,3153,477,"actor"
12594,3153,1178,"director"
12595,3153,4621,"actor"
12596,3153,7676,"actor"
12597,3154,477,"actor"
12598,3154,1178,"director"
12599,3154,4621,"actor"
12600,3154,7676,"actor"
12601,3155,3182,"actor"
12602,3155,3342,"director"
12603,3155,7066,"actor"
12604,3155,8143,"actor"
12605,3156,812,"actor"
12606,3156,2910,"director"
12607,3156,3687,"actor"
12608,3156,4132,"actor"
12609,3157,1062,"director"
12610,3157,7755,"actor"
12611,3157,7870,"actor"
12612,3157,7915,"actor"
12613,3158,2022,"actor"
12614,3158,2247,"actor"
12615,3158,6276,"director"
12616,3158,8256,"actor"
12617,3159,1414,"actor"
12618,3159,4508,"actor"
12619,3159,7142,"actor"
12620,3159,8297,"director"
12621,3160,1046,"actor"
12622,3160,6037,"director"
12623,3160,7157,"actor"
12624,3160,7838,"actor"
12625,3161,410,"director"
12626,3161,2634,"actor"
12627,3161,3567,"actor"
12628,3161,3989,"actor"
12629,3162,552,"actor"
12630,3162,552,"director"
12631,3162,6910,"actor"
12632,3162,8366,"actor"
12633,3163,445,"actor"
12634,3163,1541,"actor"
12635,3163,5777,"actor"
12636,3163,7822,"director"
12637,3164,677,"actor"
12638,3164,4176,"director"
12639,3164,5861,"actor"
12640,3164,7222,"actor"
12641,3165,1201,"actor"
12642,3165,5070,"director"
12643,3165,5680,"actor"
12644,3165,5751,"actor"
12645,3166,1760,"actor"
12646,3166,1760,"director"
12647,3166,4290,"actor"
12648,3166,5630,"actor"
12649,3167,3993,"actor"
12650,3167,4440,"director"
12651,3167,4975,"actor"
12652,3167,8227,"actor"
12653,3168,389,"actor"
12654,3168,5642,"actor"
12655,3168,7910,"director"
12656,3168,7986,"actor"
12657,3169,667,"director"
12658,3169,4621,"actor"
12659,3169,6764,"actor"
12660,3169,6835,"actor"
12661,3170,5246,"actor"
12662,3170,5256,"director"
12663,3170,8017,"actor"
12664,3170,8327,"actor"
12665,3171,1241,"director"
12666,3171,3203,"actor"
12667,3171,3634,"actor"
12668,3171,6619,"actor"
12669,3172,915,"actor"
12670,3172,1747,"actor"
12671,3172,6359,"director"
12672,3172,8394,"actor"
12673,3173,1270,"actor"
12674,3173,2947,"actor"
12675,3173,3350,"director"
12676,3173,3979,"actor"
12677,3174,52,"actor"
12678,3174,2016,"director"
12679,3174,4528,"actor"
12680,3174,7140,"actor"
12681,3175,2806,"actor"
12682,3175,3556,"actor"
12683,3175,3626,"actor"
12684,3175,4537,"director"
12685,3176,374,"actor"
12686,3176,3492,"director"
12687,3176,4071,"actor"
12688,3176,6090,"actor"
12689,3177,601,"actor"
12690,3177,5922,"actor"
12691,3177,6584,"director"
12692,3177,7672,"actor"
12693,3178,690,"director"
12694,3178,2346,"actor"
12695,3178,2958,"actor"
12696,3178,8229,"actor"
12697,3179,1070,"director"
12698,3179,3123,"actor"
12699,3179,5369,"actor"
12700,3179,7758,"actor"
12701,3180,1223,"director"
12702,3180,3638,"actor"
12703,3180,4531,"actor"
12704,3180,7710,"actor"
12705,3181,4831,"actor"
12706,3181,6034,"actor"
12707,3181,6871,"director"
12708,3181,7894,"actor"
12709,3182,1308,"actor"
12710,3182,4135,"actor"
12711,3182,5103,"director"
12712,3182,8394,"actor"
12713,3183,145,"actor"
12714,3183,5258,"actor"
12715,3183,7248,"director"
12716,3183,7893,"actor"
12717,3184,1522,"actor"
12718,3184,2706,"actor"
12719,3184,6822,"director"
12720,3184,6835,"actor"
12721,3185,1334,"actor"
12722,3185,1939,"director"
12723,3185,5234,"actor"
12724,3185,5712,"actor"
12725,3186,2460,"director"
12726,3186,2627,"actor"
12727,3186,5610,"actor"
12728,3186,6284,"actor"
12729,3187,100,"actor"
12730,3187,1544,"actor"
12731,3187,3882,"actor"
12732,3187,8094,"director"
12733,3188,1522,"actor"
12734,3188,4485,"actor"
12735,3188,7693,"actor"
12736,3188,7879,"director"
12737,3189,1634,"actor"
12738,3189,3085,"actor"
12739,3189,5886,"actor"
12740,3189,8324,"director"
12741,3190,1634,"actor"
12742,3190,3085,"actor"
12743,3190,5886,"actor"
12744,3190,8324,"director"
12745,3191,339,"actor"
12746,3191,5397,"director"
12747,3191,6304,"actor"
12748,3191,7723,"actor"
12749,3192,2902,"director"
12750,3192,4621,"actor"
12751,3192,5267,"actor"
12752,3192,8202,"actor"
12753,3193,87,"director"
12754,3193,1217,"actor"
12755,3193,4151,"actor"
12756,3193,4832,"actor"
12757,3194,174,"director"
12758,3194,605,"actor"
12759,3194,5398,"actor"
12760,3194,6958,"actor"
12761,3195,6511,"actor"
12762,3195,7141,"actor"
12763,3195,7141,"director"
12764,3195,7243,"actor"
12765,3196,1154,"actor"
12766,3196,3998,"director"
12767,3196,5072,"actor"
12768,3196,7802,"actor"
12769,3197,755,"actor"
12770,3197,915,"actor"
12771,3197,4395,"actor"
12772,3197,6374,"director"
12773,3198,343,"actor"
12774,3198,764,"director"
12775,3198,1005,"actor"
12776,3198,3684,"actor"
12777,3199,2097,"actor"
12778,3199,2326,"actor"
12779,3199,4922,"director"
12780,3199,6048,"actor"
12781,3200,573,"actor"
12782,3200,628,"actor"
12783,3200,6890,"director"
12784,3200,7885,"actor"
12785,3201,395,"actor"
12786,3201,2633,"actor"
12787,3201,4930,"actor"
12788,3201,5968,"director"
12789,3202,1258,"actor"
12790,3202,1826,"director"
12791,3202,1987,"actor"
12792,3202,5941,"actor"
12793,3203,1193,"actor"
12794,3203,3317,"director"
12795,3203,3846,"actor"
12796,3203,8209,"actor"
12797,3204,1129,"actor"
12798,3204,1184,"actor"
12799,3204,3743,"actor"
12800,3204,7049,"director"
12801,3205,102,"actor"
12802,3205,2181,"actor"
12803,3205,2347,"director"
12804,3205,8210,"actor"
12805,3206,5941,"actor"
12806,3206,7283,"actor"
12807,3206,7291,"actor"
12808,3206,8205,"director"
12809,3207,1254,"actor"
12810,3207,6986,"actor"
12811,3207,7169,"actor"
12812,3207,7848,"director"
12813,3208,105,"actor"
12814,3208,765,"actor"
12815,3208,782,"actor"
12816,3208,7951,"director"
12817,3209,1417,"director"
12818,3209,2066,"actor"
12819,3209,3623,"actor"
12820,3209,5639,"actor"
12821,3210,823,"actor"
12822,3210,5913,"actor"
12823,3210,7365,"actor"
12824,3210,7691,"director"
12825,3211,1975,"actor"
12826,3211,3702,"actor"
12827,3211,5054,"actor"
12828,3211,6461,"director"
12829,3212,1791,"director"
12830,3212,2215,"actor"
12831,3212,3023,"actor"
12832,3212,8389,"actor"
12833,3213,493,"actor"
12834,3213,1105,"actor"
12835,3213,2716,"director"
12836,3213,7507,"actor"
12837,3214,20,"actor"
12838,3214,3418,"director"
12839,3214,6223,"actor"
12840,3214,7078,"actor"
12841,3215,528,"director"
12842,3215,572,"actor"
12843,3215,2110,"actor"
12844,3215,4838,"actor"
12845,3216,639,"actor"
12846,3216,3286,"actor"
12847,3216,3757,"director"
12848,3216,5830,"actor"
12849,3217,2465,"actor"
12850,3217,3286,"actor"
12851,3217,3757,"director"
12852,3217,5830,"actor"
12853,3218,893,"actor"
12854,3218,2332,"actor"
12855,3218,4684,"director"
12856,3218,7376,"actor"
12857,3219,750,"actor"
12858,3219,5576,"actor"
12859,3219,5576,"director"
12860,3219,6903,"actor"
12861,3220,476,"actor"
12862,3220,1476,"actor"
12863,3220,3196,"director"
12864,3220,8308,"actor"
12865,3221,1427,"actor"
12866,3221,1912,"director"
12867,3221,4558,"actor"
12868,3221,4941,"actor"
12869,3222,915,"actor"
12870,3222,1091,"actor"
12871,3222,1369,"director"
12872,3222,8055,"actor"
12873,3223,762,"actor"
12874,3223,2027,"director"
12875,3223,5314,"actor"
12876,3223,5983,"actor"
12877,3224,2725,"actor"
12878,3224,3145,"actor"
12879,3224,7456,"director"
12880,3224,7866,"actor"
12881,3225,968,"director"
12882,3225,2614,"actor"
12883,3225,5702,"actor"
12884,3225,7409,"actor"
12885,3226,609,"director"
12886,3226,4832,"actor"
12887,3226,5421,"actor"
12888,3226,5828,"actor"
12889,3227,4157,"actor"
12890,3227,6146,"actor"
12891,3227,6236,"director"
12892,3227,7031,"actor"
12893,3228,1612,"actor"
12894,3228,2103,"actor"
12895,3228,2497,"actor"
12896,3228,6539,"director"
12897,3229,1443,"director"
12898,3229,7000,"actor"
12899,3229,8319,"actor"
12900,3229,8333,"actor"
12901,3230,126,"actor"
12902,3230,871,"actor"
12903,3230,6371,"director"
12904,3230,8224,"actor"
12905,3231,186,"actor"
12906,3231,492,"director"
12907,3231,737,"actor"
12908,3231,5154,"actor"
12909,3232,1954,"actor"
12910,3232,3056,"director"
12911,3232,3625,"actor"
12912,3232,3943,"actor"
12913,3233,4038,"actor"
12914,3233,4625,"actor"
12915,3233,6281,"director"
12916,3233,7662,"actor"
12917,3234,1497,"actor"
12918,3234,1830,"actor"
12919,3234,3482,"actor"
12920,3234,5205,"director"
12921,3235,755,"actor"
12922,3235,1986,"actor"
12923,3235,3558,"actor"
12924,3235,7150,"director"
12925,3236,3777,"actor"
12926,3236,3807,"actor"
12927,3236,4276,"director"
12928,3236,7469,"actor"
12929,3237,1326,"actor"
12930,3237,1651,"director"
12931,3237,1659,"actor"
12932,3237,2454,"actor"
12933,3238,1652,"actor"
12934,3238,3502,"actor"
12935,3238,5608,"director"
12936,3238,7776,"actor"
12937,3239,1090,"actor"
12938,3239,3050,"actor"
12939,3239,7306,"actor"
12940,3239,7460,"director"
12941,3240,428,"actor"
12942,3240,830,"actor"
12943,3240,7551,"actor"
12944,3240,7929,"director"
12945,3241,1265,"actor"
12946,3241,5553,"actor"
12947,3241,6348,"director"
12948,3241,7956,"actor"
12949,3242,4499,"actor"
12950,3242,4571,"actor"
12951,3242,5097,"director"
12952,3242,5553,"actor"
12953,3243,3452,"actor"
12954,3243,3553,"actor"
12955,3243,5876,"director"
12956,3243,7266,"actor"
12957,3244,443,"actor"
12958,3244,5291,"actor"
12959,3244,7370,"actor"
12960,3244,8326,"director"
12961,3245,3285,"director"
12962,3245,5026,"actor"
12963,3245,6428,"actor"
12964,3245,6820,"actor"
12965,3246,143,"director"
12966,3246,4738,"actor"
12967,3246,5902,"actor"
12968,3246,7379,"actor"
12969,3247,718,"director"
12970,3247,1926,"actor"
12971,3247,5606,"actor"
12972,3247,7961,"actor"
12973,3248,271,"actor"
12974,3248,884,"actor"
12975,3248,6562,"actor"
12976,3248,7052,"director"
12977,3249,3143,"actor"
12978,3249,3394,"director"
12979,3249,6498,"actor"
12980,3249,7730,"actor"
12981,3250,2010,"actor"
12982,3250,4219,"actor"
12983,3250,7915,"actor"
12984,3250,7947,"director"
12985,3251,2345,"actor"
12986,3251,2717,"director"
12987,3251,6054,"actor"
12988,3251,6251,"actor"
12989,3252,950,"actor"
12990,3252,3337,"actor"
12991,3252,4593,"director"
12992,3252,6764,"actor"
12993,3253,1526,"actor"
12994,3253,5005,"actor"
12995,3253,6415,"actor"
12996,3253,7558,"director"
12997,3254,1497,"actor"
12998,3254,3218,"actor"
12999,3254,5689,"director"
13000,3254,5710,"actor"
13001,3255,4396,"actor"
13002,3255,4445,"actor"
13003,3255,4540,"director"
13004,3255,5419,"actor"
13005,3256,797,"actor"
13006,3256,3040,"actor"
13007,3256,5470,"actor"
13008,3256,8206,"director"
13009,3257,369,"director"
13010,3257,3005,"actor"
13011,3257,3469,"actor"
13012,3257,5528,"actor"
13013,3258,3026,"actor"
13014,3258,3733,"director"
13015,3258,4384,"actor"
13016,3258,6131,"actor"
13017,3259,695,"actor"
13018,3259,1307,"actor"
13019,3259,1406,"actor"
13020,3259,8022,"director"
13021,3260,6103,"director"
13022,3260,7034,"actor"
13023,3260,7119,"actor"
13024,3260,7441,"actor"
13025,3261,264,"actor"
13026,3261,4715,"actor"
13027,3261,6509,"actor"
13028,3261,6754,"director"
13029,3262,52,"actor"
13030,3262,4196,"director"
13031,3262,5380,"actor"
13032,3262,7003,"actor"
13033,3263,3099,"director"
13034,3263,4424,"actor"
13035,3263,5955,"actor"
13036,3263,6409,"actor"
13037,3264,2022,"actor"
13038,3264,4135,"actor"
13039,3264,4780,"actor"
13040,3264,7476,"director"
13041,3265,271,"actor"
13042,3265,2798,"actor"
13043,3265,4914,"actor"
13044,3265,5205,"director"
13045,3266,3033,"actor"
13046,3266,3439,"director"
13047,3266,3774,"actor"
13048,3266,5485,"actor"
13049,3267,13,"director"
13050,3267,782,"actor"
13051,3267,797,"actor"
13052,3267,6766,"actor"
13053,3268,1157,"actor"
13054,3268,3780,"actor"
13055,3268,4700,"director"
13056,3268,7120,"actor"
13057,3269,5130,"actor"
13058,3269,6742,"director"
13059,3269,7182,"actor"
13060,3269,8021,"actor"
13061,3270,5130,"actor"
13062,3270,6742,"director"
13063,3270,7182,"actor"
13064,3270,8021,"actor"
13065,3271,2351,"actor"
13066,3271,5754,"actor"
13067,3271,6289,"director"
13068,3271,8067,"actor"
13069,3272,1694,"director"
13070,3272,3240,"actor"
13071,3272,4134,"actor"
13072,3272,7191,"actor"
13073,3273,149,"actor"
13074,3273,1714,"actor"
13075,3273,1950,"director"
13076,3273,6961,"actor"
13077,3274,1133,"actor"
13078,3274,4456,"director"
13079,3274,7011,"actor"
13080,3274,7013,"actor"
13081,3275,2110,"actor"
13082,3275,4506,"actor"
13083,3275,7766,"director"
13084,3275,8347,"actor"
13085,3276,161,"actor"
13086,3276,2552,"actor"
13087,3276,4966,"director"
13088,3276,8183,"actor"
13089,3277,2409,"actor"
13090,3277,3088,"actor"
13091,3277,5279,"actor"
13092,3277,8023,"director"
13093,3278,7287,"actor"
13094,3278,7351,"actor"
13095,3278,7629,"actor"
13096,3278,7976,"director"
13097,3279,858,"director"
13098,3279,2038,"actor"
13099,3279,2742,"actor"
13100,3279,7589,"actor"
13101,3280,502,"actor"
13102,3280,1643,"actor"
13103,3280,2854,"director"
13104,3280,4944,"actor"
13105,3281,150,"actor"
13106,3281,1322,"director"
13107,3281,5152,"actor"
13108,3281,7286,"actor"
13109,3282,3218,"actor"
13110,3282,3420,"actor"
13111,3282,3936,"director"
13112,3282,4038,"actor"
13113,3283,1125,"director"
13114,3283,2009,"actor"
13115,3283,4432,"actor"
13116,3283,5065,"actor"
13117,3284,4313,"director"
13118,3284,6667,"actor"
13119,3284,6909,"actor"
13120,3284,7475,"actor"
13121,3285,910,"actor"
13122,3285,1400,"actor"
13123,3285,5528,"actor"
13124,3285,6437,"director"
13125,3286,2337,"actor"
13126,3286,3408,"director"
13127,3286,3698,"actor"
13128,3286,5270,"actor"
13129,3287,1500,"director"
13130,3287,4767,"actor"
13131,3287,5317,"actor"
13132,3287,5777,"actor"
13133,3288,3123,"actor"
13134,3288,5470,"actor"
13135,3288,5811,"director"
13136,3288,8386,"actor"
13137,3289,346,"actor"
13138,3289,1621,"actor"
13139,3289,3218,"actor"
13140,3289,4330,"director"
13141,3290,5283,"actor"
13142,3290,5470,"actor"
13143,3290,5998,"director"
13144,3290,8058,"actor"
13145,3291,206,"director"
13146,3291,709,"actor"
13147,3291,1217,"actor"
13148,3291,5941,"actor"
13149,3292,471,"actor"
13150,3292,871,"actor"
13151,3292,913,"director"
13152,3292,8222,"actor"
13153,3293,2498,"director"
13154,3293,2798,"actor"
13155,3293,4804,"actor"
13156,3293,5553,"actor"
13157,3294,1263,"actor"
13158,3294,6606,"actor"
13159,3294,7324,"actor"
13160,3294,7853,"director"
13161,3295,4290,"actor"
13162,3295,4730,"director"
13163,3295,4956,"actor"
13164,3295,7090,"actor"
13165,3296,924,"director"
13166,3296,2568,"actor"
13167,3296,4208,"actor"
13168,3296,7132,"actor"
13169,3297,2035,"actor"
13170,3297,4492,"actor"
13171,3297,8023,"director"
13172,3297,8058,"actor"
13173,3298,58,"actor"
13174,3298,1029,"director"
13175,3298,1038,"actor"
13176,3298,7594,"actor"
13177,3299,363,"actor"
13178,3299,1760,"actor"
13179,3299,3543,"director"
13180,3299,6061,"actor"
13181,3300,3115,"actor"
13182,3300,6518,"actor"
13183,3300,8288,"actor"
13184,3300,8351,"director"
13185,3301,343,"actor"
13186,3301,6476,"actor"
13187,3301,6730,"director"
13188,3301,7452,"actor"
13189,3302,723,"actor"
13190,3302,2188,"director"
13191,3302,4538,"actor"
13192,3302,5308,"actor"
13193,3303,1116,"actor"
13194,3303,3771,"actor"
13195,3303,5818,"actor"
13196,3303,6849,"director"
13197,3304,510,"actor"
13198,3304,4360,"director"
13199,3304,5724,"actor"
13200,3304,7441,"actor"
13201,3305,2250,"actor"
13202,3305,3281,"actor"
13203,3305,3637,"actor"
13204,3305,6153,"director"
13205,3306,3182,"actor"
13206,3306,5019,"actor"
13207,3306,6196,"director"
13208,3306,6305,"actor"
13209,3307,2132,"director"
13210,3307,2981,"actor"
13211,3307,5889,"actor"
13212,3307,6455,"actor"
13213,3308,3475,"actor"
13214,3308,3587,"actor"
13215,3308,5918,"director"
13216,3308,7383,"actor"
13217,3309,2568,"actor"
13218,3309,2998,"actor"
13219,3309,3218,"actor"
13220,3309,4065,"director"
13221,3310,735,"director"
13222,3310,2129,"actor"
13223,3310,5680,"actor"
13224,3310,6062,"actor"
13225,3311,6492,"actor"
13226,3311,6834,"actor"
13227,3311,7284,"director"
13228,3311,7497,"actor"
13229,3312,371,"actor"
13230,3312,2294,"actor"
13231,3312,2526,"actor"
13232,3312,6731,"director"
13233,3313,710,"actor"
13234,3313,3366,"director"
13235,3313,6475,"actor"
13236,3313,7327,"actor"
13237,3314,784,"director"
13238,3314,2230,"actor"
13239,3314,3601,"actor"
13240,3314,8296,"actor"
13241,3315,497,"actor"
13242,3315,4628,"actor"
13243,3315,6066,"actor"
13244,3315,7056,"director"
13245,3316,183,"actor"
13246,3316,2517,"actor"
13247,3316,2517,"director"
13248,3316,8338,"actor"
13249,3317,1204,"actor"
13250,3317,1533,"actor"
13251,3317,1660,"actor"
13252,3317,3801,"director"
13253,3318,3275,"actor"
13254,3318,3275,"director"
13255,3318,6255,"actor"
13256,3318,6698,"actor"
13257,3319,469,"actor"
13258,3319,749,"actor"
13259,3319,6834,"actor"
13260,3319,8168,"director"
13261,3320,265,"actor"
13262,3320,5871,"director"
13263,3320,7474,"actor"
13264,3320,7941,"actor"
13265,3321,584,"actor"
13266,3321,1193,"actor"
13267,3321,3493,"director"
13268,3321,3764,"actor"
13269,3322,24,"actor"
13270,3322,6108,"actor"
13271,3322,6442,"director"
13272,3322,8119,"actor"
13273,3323,1369,"director"
13274,3323,2022,"actor"
13275,3323,2241,"actor"
13276,3323,6007,"actor"
13277,3324,59,"actor"
13278,3324,280,"actor"
13279,3324,2427,"actor"
13280,3324,7495,"director"
13281,3325,944,"actor"
13282,3325,3131,"director"
13283,3325,3736,"actor"
13284,3325,5567,"actor"
13285,3326,1253,"actor"
13286,3326,6382,"actor"
13287,3326,6627,"director"
13288,3326,7908,"actor"
13289,3327,2197,"actor"
13290,3327,2706,"actor"
13291,3327,3320,"actor"
13292,3327,4111,"director"
13293,3328,876,"actor"
13294,3328,3218,"actor"
13295,3328,8097,"director"
13296,3328,8353,"actor"
13297,3329,2655,"actor"
13298,3329,4746,"director"
13299,3329,5144,"actor"
13300,3329,5751,"actor"
13301,3330,2655,"actor"
13302,3330,4746,"director"
13303,3330,5144,"actor"
13304,3330,5751,"actor"
13305,3331,5094,"director"
13306,3331,6432,"actor"
13307,3331,7273,"actor"
13308,3331,8228,"actor"
13309,3332,1371,"actor"
13310,3332,4022,"actor"
13311,3332,5563,"director"
13312,3332,7458,"actor"
13313,3333,422,"director"
13314,3333,811,"actor"
13315,3333,2197,"actor"
13316,3333,7878,"actor"
13317,3334,4355,"actor"
13318,3334,5320,"actor"
13319,3334,5586,"actor"
13320,3334,8042,"director"
13321,3335,397,"actor"
13322,3335,3938,"actor"
13323,3335,4225,"director"
13324,3335,8186,"actor"
13325,3336,2719,"actor"
13326,3336,6494,"actor"
13327,3336,7290,"actor"
13328,3336,7316,"director"
13329,3337,226,"actor"
13330,3337,636,"director"
13331,3337,1779,"actor"
13332,3337,4663,"actor"
13333,3338,3104,"director"
13334,3338,6295,"actor"
13335,3338,6881,"actor"
13336,3338,7492,"actor"
13337,3339,1573,"actor"
13338,3339,2772,"actor"
13339,3339,4511,"director"
13340,3339,7289,"actor"
13341,3340,2237,"actor"
13342,3340,2944,"director"
13343,3340,6765,"actor"
13344,3340,6787,"actor"
13345,3341,823,"actor"
13346,3341,1727,"actor"
13347,3341,8011,"director"
13348,3341,8315,"actor"
13349,3342,3296,"actor"
13350,3342,3764,"actor"
13351,3342,4780,"actor"
13352,3342,6804,"director"
13353,3343,844,"actor"
13354,3343,2976,"director"
13355,3343,3233,"actor"
13356,3343,8381,"actor"
13357,3344,987,"director"
13358,3344,1835,"actor"
13359,3344,3604,"actor"
13360,3344,6667,"actor"
13361,3345,4227,"actor"
13362,3345,5129,"actor"
13363,3345,6955,"actor"
13364,3345,7546,"director"
13365,3346,827,"actor"
13366,3346,2512,"director"
13367,3346,5783,"actor"
13368,3346,8033,"actor"
13369,3347,1865,"actor"
13370,3347,1996,"actor"
13371,3347,7118,"actor"
13372,3347,8142,"director"
13373,3348,846,"director"
13374,3348,2085,"actor"
13375,3348,4466,"actor"
13376,3348,7507,"actor"
13377,3349,1038,"actor"
13378,3349,1334,"actor"
13379,3349,3216,"director"
13380,3349,4790,"actor"
13381,3350,1313,"director"
13382,3350,2332,"actor"
13383,3350,3010,"actor"
13384,3350,6627,"actor"
13385,3351,3002,"actor"
13386,3351,4520,"director"
13387,3351,5618,"actor"
13388,3351,6835,"actor"
13389,3352,1442,"actor"
13390,3352,5612,"director"
13391,3352,7549,"actor"
13392,3352,8210,"actor"
13393,3353,417,"director"
13394,3353,1337,"actor"
13395,3353,4178,"actor"
13396,3353,6832,"actor"
13397,3354,895,"actor"
13398,3354,1053,"actor"
13399,3354,2048,"actor"
13400,3354,4089,"director"
13401,3355,2749,"director"
13402,3355,4228,"actor"
13403,3355,4368,"actor"
13404,3355,7286,"actor"
13405,3356,430,"director"
13406,3356,1998,"actor"
13407,3356,3157,"actor"
13408,3356,4501,"actor"
13409,3357,346,"actor"
13410,3357,1335,"actor"
13411,3357,2574,"director"
13412,3357,7878,"actor"
13413,3358,1063,"actor"
13414,3358,1371,"actor"
13415,3358,1541,"actor"
13416,3358,5408,"director"
13417,3359,1176,"actor"
13418,3359,3956,"director"
13419,3359,4565,"actor"
13420,3359,6439,"actor"
13421,3360,1497,"actor"
13422,3360,4237,"actor"
13423,3360,6007,"actor"
13424,3360,7999,"director"
13425,3361,1204,"actor"
13426,3361,2604,"actor"
13427,3361,2828,"actor"
13428,3361,6646,"director"
13429,3362,230,"actor"
13430,3362,2076,"actor"
13431,3362,3348,"director"
13432,3362,6060,"actor"
13433,3363,1142,"actor"
13434,3363,1265,"actor"
13435,3363,3406,"director"
13436,3363,6092,"actor"
13437,3364,5183,"actor"
13438,3364,5386,"actor"
13439,3364,7458,"actor"
13440,3364,7889,"director"
13441,3365,4669,"director"
13442,3365,5597,"actor"
13443,3365,7631,"actor"
13444,3365,7677,"actor"
13445,3366,3055,"actor"
13446,3366,3451,"director"
13447,3366,3466,"actor"
13448,3366,6536,"actor"
13449,3367,100,"actor"
13450,3367,1549,"director"
13451,3367,3145,"actor"
13452,3367,3752,"actor"
13453,3368,918,"director"
13454,3368,4105,"actor"
13455,3368,5209,"actor"
13456,3368,8386,"actor"
13457,3369,395,"actor"
13458,3369,1916,"director"
13459,3369,4615,"actor"
13460,3369,7262,"actor"
13461,3370,2949,"actor"
13462,3370,5712,"actor"
13463,3370,6022,"director"
13464,3370,8228,"actor"
13465,3371,366,"director"
13466,3371,1174,"actor"
13467,3371,2342,"actor"
13468,3371,6906,"actor"
13469,3372,17,"actor"
13470,3372,67,"actor"
13471,3372,4251,"director"
13472,3372,7169,"actor"
13473,3373,256,"actor"
13474,3373,1633,"director"
13475,3373,7459,"actor"
13476,3373,7573,"actor"
13477,3374,1240,"actor"
13478,3374,5857,"director"
13479,3374,6008,"actor"
13480,3374,6740,"actor"
13481,3375,1108,"actor"
13482,3375,3608,"actor"
13483,3375,7247,"director"
13484,3375,8387,"actor"
13485,3376,915,"actor"
13486,3376,5680,"actor"
13487,3376,6740,"actor"
13488,3376,7852,"director"
13489,3377,1034,"actor"
13490,3377,2955,"actor"
13491,3377,3815,"director"
13492,3377,7710,"actor"
13493,3378,5635,"director"
13494,3378,6933,"actor"
13495,3378,7353,"actor"
13496,3378,7696,"actor"
13497,3379,1988,"actor"
13498,3379,2919,"actor"
13499,3379,4771,"actor"
13500,3379,7769,"director"
13501,3380,397,"actor"
13502,3380,4846,"actor"
13503,3380,7717,"director"
13504,3380,8081,"actor"
13505,3381,3850,"actor"
13506,3381,5317,"actor"
13507,3381,7539,"director"
13508,3381,7751,"actor"
13509,3382,573,"actor"
13510,3382,977,"actor"
13511,3382,5818,"actor"
13512,3382,7909,"director"
13513,3383,3613,"actor"
13514,3383,5267,"actor"
13515,3383,6693,"director"
13516,3383,7824,"actor"
13517,3384,2858,"actor"
13518,3384,5122,"director"
13519,3384,5680,"actor"
13520,3384,7636,"actor"
13521,3385,2000,"actor"
13522,3385,2041,"director"
13523,3385,2691,"actor"
13524,3385,6800,"actor"
13525,3386,2020,"director"
13526,3386,5245,"actor"
13527,3386,5769,"actor"
13528,3386,7948,"actor"
13529,3387,2020,"director"
13530,3387,5245,"actor"
13531,3387,5769,"actor"
13532,3387,7948,"actor"
13533,3388,497,"actor"
13534,3388,1894,"actor"
13535,3388,4490,"actor"
13536,3388,5539,"director"
13537,3389,3703,"actor"
13538,3389,6830,"actor"
13539,3389,7186,"director"
13540,3389,8117,"actor"
13541,3390,107,"actor"
13542,3390,5542,"actor"
13543,3390,6316,"director"
13544,3390,7894,"actor"
13545,3391,107,"actor"
13546,3391,5542,"actor"
13547,3391,6316,"director"
13548,3391,7894,"actor"
13549,3392,2886,"director"
13550,3392,3558,"actor"
13551,3392,4538,"actor"
13552,3392,7475,"actor"
13553,3393,2212,"actor"
13554,3393,6068,"director"
13555,3393,7492,"actor"
13556,3393,8316,"actor"
13557,3394,2320,"actor"
13558,3394,3607,"actor"
13559,3394,5234,"actor"
13560,3394,7783,"director"
13561,3395,344,"actor"
13562,3395,5467,"actor"
13563,3395,5977,"director"
13564,3395,6175,"actor"
13565,3396,3558,"actor"
13566,3396,4282,"actor"
13567,3396,5573,"director"
13568,3396,7683,"actor"
13569,3397,1046,"actor"
13570,3397,1275,"actor"
13571,3397,1497,"actor"
13572,3397,8246,"director"
13573,3398,457,"actor"
13574,3398,3601,"actor"
13575,3398,6067,"actor"
13576,3398,6886,"director"
13577,3399,491,"director"
13578,3399,1599,"actor"
13579,3399,2010,"actor"
13580,3399,6996,"actor"
13581,3400,1258,"actor"
13582,3400,3941,"director"
13583,3400,6766,"actor"
13584,3400,8120,"actor"
13585,3401,2934,"actor"
13586,3401,4192,"director"
13587,3401,6599,"actor"
13588,3401,7386,"actor"
13589,3402,2483,"actor"
13590,3402,5650,"actor"
13591,3402,7196,"actor"
13592,3402,7919,"director"
13593,3403,3842,"director"
13594,3403,6448,"actor"
13595,3403,6765,"actor"
13596,3403,7475,"actor"
13597,3404,5882,"director"
13598,3404,6094,"actor"
13599,3404,7214,"actor"
13600,3404,7375,"actor"
13601,3405,2025,"actor"
13602,3405,5600,"actor"
13603,3405,6493,"actor"
13604,3405,7960,"director"
13605,3406,570,"actor"
13606,3406,1026,"actor"
13607,3406,5643,"actor"
13608,3406,6808,"director"
13609,3407,368,"actor"
13610,3407,3658,"actor"
13611,3407,3658,"director"
13612,3407,8325,"actor"
13613,3408,1361,"director"
13614,3408,4621,"actor"
13615,3408,6796,"actor"
13616,3408,7676,"actor"
13617,3409,2423,"actor"
13618,3409,2798,"actor"
13619,3409,3974,"actor"
13620,3409,6785,"director"
13621,3410,611,"actor"
13622,3410,1924,"director"
13623,3410,2706,"actor"
13624,3410,6453,"actor"
13625,3411,611,"actor"
13626,3411,1924,"director"
13627,3411,2706,"actor"
13628,3411,6453,"actor"
13629,3412,1068,"actor"
13630,3412,4794,"actor"
13631,3412,5534,"director"
13632,3412,8037,"actor"
13633,3413,3538,"director"
13634,3413,3736,"actor"
13635,3413,5646,"actor"
13636,3413,7755,"actor"
13637,3414,4205,"actor"
13638,3414,4481,"director"
13639,3414,5428,"actor"
13640,3414,5739,"actor"
13641,3415,3722,"actor"
13642,3415,3776,"director"
13643,3415,4656,"actor"
13644,3415,5947,"actor"
13645,3416,965,"director"
13646,3416,1625,"actor"
13647,3416,6509,"actor"
13648,3416,7199,"actor"
13649,3417,2857,"actor"
13650,3417,4508,"actor"
13651,3417,5487,"director"
13652,3417,6493,"actor"
13653,3418,1436,"director"
13654,3418,2365,"actor"
13655,3418,5518,"actor"
13656,3418,6447,"actor"
13657,3419,1594,"actor"
13658,3419,4512,"actor"
13659,3419,6165,"director"
13660,3419,7533,"actor"
13661,3420,1997,"actor"
13662,3420,3674,"actor"
13663,3420,3989,"actor"
13664,3420,6274,"director"
13665,3421,477,"actor"
13666,3421,1339,"actor"
13667,3421,3218,"actor"
13668,3421,3477,"director"
13669,3422,3320,"actor"
13670,3422,5793,"actor"
13671,3422,6363,"director"
13672,3422,7347,"actor"
13673,3423,2358,"director"
13674,3423,2436,"actor"
13675,3423,4095,"actor"
13676,3423,7115,"actor"
13677,3424,814,"actor"
13678,3424,5320,"actor"
13679,3424,7470,"actor"
13680,3424,8362,"director"
13681,3425,1543,"actor"
13682,3425,4686,"actor"
13683,3425,5570,"actor"
13684,3425,8297,"director"
13685,3426,1184,"actor"
13686,3426,5399,"actor"
13687,3426,6985,"actor"
13688,3426,7403,"director"
13689,3427,249,"actor"
13690,3427,1721,"actor"
13691,3427,2176,"director"
13692,3427,3765,"actor"
13693,3428,677,"actor"
13694,3428,2100,"director"
13695,3428,7282,"actor"
13696,3428,7906,"actor"
13697,3429,130,"director"
13698,3429,2254,"actor"
13699,3429,5303,"actor"
13700,3429,7098,"actor"
13701,3430,883,"director"
13702,3430,1790,"actor"
13703,3430,3058,"actor"
13704,3430,6834,"actor"
13705,3431,2099,"actor"
13706,3431,2720,"director"
13707,3431,3112,"actor"
13708,3431,6996,"actor"
13709,3432,2990,"director"
13710,3432,6034,"actor"
13711,3432,6047,"actor"
13712,3432,8301,"actor"
13713,3433,554,"actor"
13714,3433,2634,"actor"
13715,3433,5655,"director"
13716,3433,7492,"actor"
13717,3434,3432,"actor"
13718,3434,4513,"actor"
13719,3434,4513,"director"
13720,3434,6970,"actor"
13721,3435,797,"actor"
13722,3435,2032,"actor"
13723,3435,2366,"actor"
13724,3435,6944,"director"
13725,3436,1741,"director"
13726,3436,3338,"actor"
13727,3436,4337,"actor"
13728,3436,7986,"actor"
13729,3437,2047,"actor"
13730,3437,7210,"actor"
13731,3437,7396,"actor"
13732,3437,7909,"director"
13733,3438,2251,"actor"
13734,3438,2336,"actor"
13735,3438,2408,"director"
13736,3438,4375,"actor"
13737,3439,2194,"actor"
13738,3439,2352,"actor"
13739,3439,2722,"actor"
13740,3439,6556,"director"
13741,3440,714,"director"
13742,3440,2216,"actor"
13743,3440,3634,"actor"
13744,3440,7409,"actor"
13745,3441,149,"actor"
13746,3441,493,"actor"
13747,3441,4022,"actor"
13748,3441,7782,"director"
13749,3442,149,"actor"
13750,3442,493,"actor"
13751,3442,4022,"actor"
13752,3442,7782,"director"
13753,3443,400,"director"
13754,3443,2604,"actor"
13755,3443,4599,"actor"
13756,3443,6988,"actor"
13757,3444,506,"director"
13758,3444,1397,"actor"
13759,3444,4539,"actor"
13760,3444,4692,"actor"
13761,3445,988,"actor"
13762,3445,3873,"actor"
13763,3445,3996,"director"
13764,3445,6908,"actor"
13765,3446,3659,"director"
13766,3446,3787,"actor"
13767,3446,6982,"actor"
13768,3446,7659,"actor"
13769,3447,3320,"actor"
13770,3447,3736,"actor"
13771,3447,6572,"director"
13772,3447,8066,"actor"
13773,3448,3157,"actor"
13774,3448,3736,"actor"
13775,3448,5690,"director"
13776,3448,6365,"actor"
13777,3449,609,"actor"
13778,3449,5181,"actor"
13779,3449,6203,"actor"
13780,3449,6642,"director"
13781,3450,1324,"director"
13782,3450,1613,"actor"
13783,3450,4208,"actor"
13784,3450,7291,"actor"
13785,3451,2871,"actor"
13786,3451,4941,"actor"
13787,3451,5289,"actor"
13788,3451,5694,"director"
13789,3452,2945,"actor"
13790,3452,2994,"actor"
13791,3452,3655,"director"
13792,3452,7510,"actor"
13793,3453,1330,"actor"
13794,3453,2475,"actor"
13795,3453,5164,"actor"
13796,3453,6101,"director"
13797,3454,176,"director"
13798,3454,2255,"actor"
13799,3454,2963,"actor"
13800,3454,5151,"actor"
13801,3455,1773,"director"
13802,3455,5202,"actor"
13803,3455,5710,"actor"
13804,3455,5830,"actor"
13805,3456,3552,"director"
13806,3456,4752,"actor"
13807,3456,5844,"actor"
13808,3456,6696,"actor"
13809,3457,2031,"director"
13810,3457,3911,"actor"
13811,3457,5705,"actor"
13812,3457,6988,"actor"
13813,3458,2740,"actor"
13814,3458,6934,"director"
13815,3458,7054,"actor"
13816,3458,7191,"actor"
13817,3459,2433,"actor"
13818,3459,6847,"director"
13819,3459,6996,"actor"
13820,3459,7067,"actor"
13821,3460,1942,"actor"
13822,3460,2392,"actor"
13823,3460,6304,"actor"
13824,3460,7481,"director"
13825,3461,1334,"actor"
13826,3461,5702,"actor"
13827,3461,6221,"actor"
13828,3461,7472,"director"
13829,3462,1374,"actor"
13830,3462,2414,"actor"
13831,3462,2765,"director"
13832,3462,4538,"actor"
13833,3463,909,"director"
13834,3463,3235,"actor"
13835,3463,4392,"actor"
13836,3463,7192,"actor"
13837,3464,1804,"actor"
13838,3464,3775,"actor"
13839,3464,5528,"actor"
13840,3464,5873,"director"
13841,3465,616,"actor"
13842,3465,1070,"director"
13843,3465,1255,"actor"
13844,3465,8054,"actor"
13845,3466,218,"actor"
13846,3466,3458,"actor"
13847,3466,4832,"actor"
13848,3466,4947,"director"
13849,3467,218,"actor"
13850,3467,3458,"actor"
13851,3467,4832,"actor"
13852,3467,4947,"director"
13853,3468,1053,"actor"
13854,3468,4531,"actor"
13855,3468,4537,"director"
13856,3468,7975,"actor"
13857,3469,1452,"actor"
13858,3469,4762,"actor"
13859,3469,7247,"director"
13860,3469,7800,"actor"
13861,3470,3500,"director"
13862,3470,4383,"actor"
13863,3470,5347,"actor"
13864,3470,7790,"actor"
13865,3471,3338,"actor"
13866,3471,5710,"actor"
13867,3471,7284,"director"
13868,3471,7494,"actor"
13869,3472,1218,"actor"
13870,3472,3059,"actor"
13871,3472,4700,"director"
13872,3472,7169,"actor"
13873,3473,3031,"actor"
13874,3473,4453,"director"
13875,3473,6790,"actor"
13876,3473,6896,"actor"
13877,3474,3235,"actor"
13878,3474,5728,"actor"
13879,3474,6401,"director"
13880,3474,7494,"actor"
13881,3475,884,"actor"
13882,3475,885,"actor"
13883,3475,2743,"actor"
13884,3475,3915,"director"
13885,3476,1308,"actor"
13886,3476,6448,"actor"
13887,3476,7766,"director"
13888,3476,8358,"actor"
13889,3477,1038,"actor"
13890,3477,3510,"director"
13891,3477,7441,"actor"
13892,3477,7494,"actor"
13893,3478,137,"actor"
13894,3478,639,"actor"
13895,3478,3249,"actor"
13896,3478,8003,"director"
13897,3479,5347,"actor"
13898,3479,6765,"actor"
13899,3479,7003,"actor"
13900,3479,7852,"director"
13901,3480,460,"actor"
13902,3480,4526,"director"
13903,3480,4711,"actor"
13904,3480,5115,"actor"
13905,3481,1662,"actor"
13906,3481,2366,"actor"
13907,3481,2621,"actor"
13908,3481,8226,"director"
13909,3482,1700,"director"
13910,3482,2501,"actor"
13911,3482,2510,"actor"
13912,3482,5305,"actor"
13913,3483,814,"actor"
13914,3483,3338,"actor"
13915,3483,4219,"actor"
13916,3483,6994,"director"
13917,3484,884,"actor"
13918,3484,2010,"actor"
13919,3484,5249,"director"
13920,3484,6536,"actor"
13921,3485,1679,"director"
13922,3485,7175,"actor"
13923,3485,7475,"actor"
13924,3485,8222,"actor"
13925,3486,150,"actor"
13926,3486,947,"actor"
13927,3486,2993,"actor"
13928,3486,7910,"director"
13929,3487,1025,"actor"
13930,3487,2159,"director"
13931,3487,5818,"actor"
13932,3487,8013,"actor"
13933,3488,2197,"actor"
13934,3488,2785,"director"
13935,3488,5680,"actor"
13936,3488,7862,"actor"
13937,3489,331,"actor"
13938,3489,3814,"actor"
13939,3489,3814,"director"
13940,3489,3848,"actor"
13941,3490,100,"actor"
13942,3490,5041,"actor"
13943,3490,6547,"actor"
13944,3490,6739,"director"
13945,3491,4576,"actor"
13946,3491,4926,"actor"
13947,3491,6062,"actor"
13948,3491,8023,"director"
13949,3492,202,"actor"
13950,3492,1428,"director"
13951,3492,4403,"actor"
13952,3492,6719,"actor"
13953,3493,2895,"actor"
13954,3493,3036,"director"
13955,3493,3377,"actor"
13956,3493,7695,"actor"
13957,3494,315,"actor"
13958,3494,4332,"actor"
13959,3494,6403,"director"
13960,3494,6546,"actor"
13961,3495,947,"actor"
13962,3495,1024,"actor"
13963,3495,5339,"actor"
13964,3495,6860,"director"
13965,3496,4871,"actor"
13966,3496,5172,"actor"
13967,3496,5912,"director"
13968,3496,6406,"actor"
13969,3497,3743,"actor"
13970,3497,4424,"actor"
13971,3497,5816,"director"
13972,3497,6740,"actor"
13973,3498,2276,"actor"
13974,3498,3748,"director"
13975,3498,4041,"actor"
13976,3498,5007,"actor"
13977,3499,3149,"actor"
13978,3499,5317,"actor"
13979,3499,6202,"director"
13980,3499,7193,"actor"
13981,3500,4438,"actor"
13982,3500,4784,"director"
13983,3500,5052,"actor"
13984,3500,6140,"actor"
13985,3501,52,"actor"
13986,3501,2016,"director"
13987,3501,7031,"actor"
13988,3501,7492,"actor"
13989,3502,1188,"actor"
13990,3502,3320,"actor"
13991,3502,6054,"actor"
13992,3502,6730,"director"
13993,3503,1091,"actor"
13994,3503,2195,"actor"
13995,3503,8021,"actor"
13996,3503,8269,"director"
13997,3504,245,"actor"
13998,3504,5310,"director"
13999,3504,6961,"actor"
14000,3504,7838,"actor"
14001,3505,1197,"actor"
14002,3505,1500,"director"
14003,3505,3505,"actor"
14004,3505,5317,"actor"
14005,3506,4135,"actor"
14006,3506,5830,"actor"
14007,3506,6476,"actor"
14008,3506,7399,"director"
14009,3507,1251,"actor"
14010,3507,1533,"actor"
14011,3507,1605,"actor"
14012,3507,7516,"director"
14013,3508,568,"actor"
14014,3508,888,"actor"
14015,3508,6717,"actor"
14016,3508,7021,"director"
14017,3509,2094,"actor"
14018,3509,3352,"director"
14019,3509,7299,"actor"
14020,3509,7731,"actor"
14021,3510,320,"actor"
14022,3510,1588,"actor"
14023,3510,1960,"director"
14024,3510,2798,"actor"
14025,3511,1214,"actor"
14026,3511,1701,"actor"
14027,3511,7105,"actor"
14028,3511,7536,"director"
14029,3512,787,"actor"
14030,3512,1323,"actor"
14031,3512,5688,"actor"
14032,3512,6529,"director"
14033,3513,90,"actor"
14034,3513,2011,"director"
14035,3513,4963,"actor"
14036,3513,5446,"actor"
14037,3514,1430,"director"
14038,3514,4135,"actor"
14039,3514,4792,"actor"
14040,3514,7886,"actor"
14041,3515,659,"actor"
14042,3515,1229,"director"
14043,3515,2787,"actor"
14044,3515,5317,"actor"
14045,3516,650,"actor"
14046,3516,3388,"director"
14047,3516,4850,"actor"
14048,3516,6377,"actor"
14049,3517,4038,"actor"
14050,3517,4038,"director"
14051,3517,6765,"actor"
14052,3517,7142,"actor"
14053,3518,2937,"director"
14054,3518,5181,"actor"
14055,3518,7216,"actor"
14056,3518,7239,"actor"
14057,3519,470,"director"
14058,3519,3642,"actor"
14059,3519,3743,"actor"
14060,3519,8387,"actor"
14061,3520,644,"actor"
14062,3520,1353,"actor"
14063,3520,3578,"director"
14064,3520,7524,"actor"
14065,3521,808,"actor"
14066,3521,3766,"director"
14067,3521,4216,"actor"
14068,3521,5528,"actor"
14069,3522,1541,"actor"
14070,3522,4738,"actor"
14071,3522,5424,"actor"
14072,3522,7081,"director"
14073,3523,1977,"actor"
14074,3523,2309,"actor"
14075,3523,5374,"director"
14076,3523,5600,"actor"
14077,3524,1184,"actor"
14078,3524,4878,"actor"
14079,3524,6785,"director"
14080,3524,7903,"actor"
14081,3525,541,"director"
14082,3525,652,"actor"
14083,3525,4287,"actor"
14084,3525,7534,"actor"
14085,3526,3360,"director"
14086,3526,4109,"actor"
14087,3526,5091,"actor"
14088,3526,7870,"actor"
14089,3527,53,"actor"
14090,3527,359,"director"
14091,3527,2104,"actor"
14092,3527,4293,"actor"
14093,3528,20,"actor"
14094,3528,517,"actor"
14095,3528,6664,"actor"
14096,3528,8362,"director"
14097,3529,1242,"actor"
14098,3529,2022,"actor"
14099,3529,4351,"actor"
14100,3529,7174,"director"
14101,3530,1308,"actor"
14102,3530,2206,"actor"
14103,3530,4607,"actor"
14104,3530,5340,"director"
14105,3531,1433,"actor"
14106,3531,1902,"director"
14107,3531,5492,"actor"
14108,3531,6838,"actor"
14109,3532,2716,"director"
14110,3532,4994,"actor"
14111,3532,5109,"actor"
14112,3532,8066,"actor"
14113,3533,843,"actor"
14114,3533,6236,"director"
14115,3533,6764,"actor"
14116,3533,7710,"actor"
14117,3534,736,"actor"
14118,3534,2587,"actor"
14119,3534,2825,"actor"
14120,3534,2929,"director"
14121,3535,187,"actor"
14122,3535,2537,"director"
14123,3535,5010,"actor"
14124,3535,6601,"actor"
14125,3536,930,"actor"
14126,3536,2435,"director"
14127,3536,4926,"actor"
14128,3536,7240,"actor"
14129,3537,493,"actor"
14130,3537,2266,"director"
14131,3537,3286,"actor"
14132,3537,4208,"actor"
14133,3538,638,"actor"
14134,3538,2819,"actor"
14135,3538,7182,"actor"
14136,3538,7674,"director"
14137,3539,3489,"actor"
14138,3539,4121,"director"
14139,3539,6420,"actor"
14140,3539,8224,"actor"
14141,3540,1275,"actor"
14142,3540,2115,"actor"
14143,3540,2462,"director"
14144,3540,6764,"actor"
14145,3541,860,"actor"
14146,3541,5958,"director"
14147,3541,6745,"actor"
14148,3541,7028,"actor"
14149,3542,2366,"actor"
14150,3542,4208,"actor"
14151,3542,7497,"actor"
14152,3542,7872,"director"
14153,3543,1038,"actor"
14154,3543,4440,"director"
14155,3543,7324,"actor"
14156,3543,8386,"actor"
14157,3544,910,"actor"
14158,3544,3218,"actor"
14159,3544,7895,"director"
14160,3544,8222,"actor"
14161,3545,2678,"director"
14162,3545,6692,"actor"
14163,3545,7144,"actor"
14164,3545,8214,"actor"
14165,3546,2148,"actor"
14166,3546,2485,"actor"
14167,3546,5887,"actor"
14168,3546,6433,"director"
14169,3547,5976,"actor"
14170,3547,6170,"actor"
14171,3547,6862,"director"
14172,3547,8057,"actor"
14173,3548,1511,"actor"
14174,3548,5153,"actor"
14175,3548,5942,"actor"
14176,3548,6577,"director"
14177,3549,1407,"actor"
14178,3549,3769,"actor"
14179,3549,4306,"director"
14180,3549,7241,"actor"
14181,3550,2349,"actor"
14182,3550,2601,"actor"
14183,3550,8208,"director"
14184,3550,8378,"actor"
14185,3551,2349,"actor"
14186,3551,2601,"actor"
14187,3551,8208,"director"
14188,3551,8378,"actor"
14189,3552,1890,"director"
14190,3552,2454,"actor"
14191,3552,4665,"actor"
14192,3552,7695,"actor"
14193,3553,778,"actor"
14194,3553,1710,"actor"
14195,3553,2450,"actor"
14196,3553,7585,"director"
14197,3554,397,"actor"
14198,3554,1253,"actor"
14199,3554,1263,"actor"
14200,3554,5211,"director"
14201,3555,1357,"director"
14202,3555,1693,"actor"
14203,3555,5099,"actor"
14204,3555,8261,"actor"
14205,3556,4664,"actor"
14206,3556,5562,"actor"
14207,3556,6053,"actor"
14208,3556,8302,"director"
14209,3557,320,"actor"
14210,3557,4667,"actor"
14211,3557,5011,"actor"
14212,3557,6680,"director"
14213,3558,5481,"actor"
14214,3558,5759,"actor"
14215,3558,7405,"actor"
14216,3558,7842,"director"
14217,3559,1322,"director"
14218,3559,4914,"actor"
14219,3559,6922,"actor"
14220,3559,7497,"actor"
14221,3560,53,"actor"
14222,3560,233,"director"
14223,3560,3707,"actor"
14224,3560,4428,"actor"
14225,3561,467,"actor"
14226,3561,5948,"director"
14227,3561,6034,"actor"
14228,3561,7754,"actor"
14229,3562,250,"actor"
14230,3562,2037,"actor"
14231,3562,5968,"director"
14232,3562,7963,"actor"
14233,3563,3286,"actor"
14234,3563,5698,"director"
14235,3563,6554,"actor"
14236,3563,6625,"actor"
14237,3564,2065,"actor"
14238,3564,3891,"director"
14239,3564,4060,"actor"
14240,3564,7645,"actor"
14241,3565,2301,"director"
14242,3565,3125,"actor"
14243,3565,3481,"actor"
14244,3565,7344,"actor"
14245,3566,1053,"actor"
14246,3566,3436,"actor"
14247,3566,5777,"actor"
14248,3566,6808,"director"
14249,3567,1452,"actor"
14250,3567,5007,"actor"
14251,3567,5174,"director"
14252,3567,7906,"actor"
14253,3568,1219,"director"
14254,3568,4434,"actor"
14255,3568,7287,"actor"
14256,3568,8295,"actor"
14257,3569,279,"director"
14258,3569,4774,"actor"
14259,3569,6796,"actor"
14260,3569,6947,"actor"
14261,3570,250,"actor"
14262,3570,5658,"director"
14263,3570,7003,"actor"
14264,3570,8347,"actor"
14265,3571,895,"actor"
14266,3571,5712,"actor"
14267,3571,6233,"director"
14268,3571,7286,"actor"
14269,3572,5181,"actor"
14270,3572,6697,"director"
14271,3572,7158,"actor"
14272,3572,8256,"actor"
14273,3573,1194,"actor"
14274,3573,2957,"actor"
14275,3573,3244,"actor"
14276,3573,6436,"director"
14277,3574,1561,"actor"
14278,3574,1561,"director"
14279,3574,4597,"actor"
14280,3574,4931,"actor"
14281,3575,362,"actor"
14282,3575,445,"actor"
14283,3575,615,"actor"
14284,3575,6391,"director"
14285,3576,100,"actor"
14286,3576,547,"actor"
14287,3576,2826,"director"
14288,3576,4628,"actor"
14289,3577,762,"actor"
14290,3577,1573,"actor"
14291,3577,2832,"actor"
14292,3577,4511,"director"
14293,3578,477,"actor"
14294,3578,2249,"director"
14295,3578,2323,"actor"
14296,3578,4557,"actor"
14297,3579,1309,"actor"
14298,3579,2930,"actor"
14299,3579,6002,"actor"
14300,3579,6904,"director"
14301,3580,2209,"actor"
14302,3580,4503,"actor"
14303,3580,6502,"director"
14304,3580,7157,"actor"
14305,3581,1348,"actor"
14306,3581,4625,"actor"
14307,3581,4901,"actor"
14308,3581,5590,"director"
14309,3582,2742,"actor"
14310,3582,3742,"director"
14311,3582,4571,"actor"
14312,3582,5705,"actor"
14313,3583,4043,"actor"
14314,3583,4379,"actor"
14315,3583,5281,"actor"
14316,3583,5695,"director"
14317,3584,4148,"actor"
14318,3584,4792,"actor"
14319,3584,5263,"director"
14320,3584,5879,"actor"
14321,3585,1016,"actor"
14322,3585,1528,"director"
14323,3585,1951,"actor"
14324,3585,2129,"actor"
14325,3586,1353,"actor"
14326,3586,2445,"actor"
14327,3586,5846,"actor"
14328,3586,7382,"director"
14329,3587,179,"actor"
14330,3587,2492,"actor"
14331,3587,3165,"director"
14332,3587,7225,"actor"
14333,3588,1547,"actor"
14334,3588,3751,"director"
14335,3588,5500,"actor"
14336,3588,5921,"actor"
14337,3589,239,"actor"
14338,3589,4400,"actor"
14339,3589,4401,"actor"
14340,3589,7547,"director"
14341,3590,297,"actor"
14342,3590,2504,"actor"
14343,3590,4052,"director"
14344,3590,7446,"actor"
14345,3591,2568,"actor"
14346,3591,3904,"director"
14347,3591,5712,"actor"
14348,3591,6764,"actor"
14349,3592,1596,"actor"
14350,3592,6092,"actor"
14351,3592,6609,"director"
14352,3592,7028,"actor"
14353,3593,3343,"director"
14354,3593,4854,"actor"
14355,3593,6229,"actor"
14356,3593,6476,"actor"
14357,3594,2422,"director"
14358,3594,3990,"actor"
14359,3594,5440,"actor"
14360,3594,6990,"actor"
14361,3595,3014,"actor"
14362,3595,3501,"actor"
14363,3595,3960,"director"
14364,3595,6234,"actor"
14365,3596,904,"actor"
14366,3596,2140,"actor"
14367,3596,5028,"actor"
14368,3596,5848,"director"
14369,3597,1060,"actor"
14370,3597,1593,"director"
14371,3597,5315,"actor"
14372,3597,6008,"actor"
14373,3598,100,"actor"
14374,3598,4467,"actor"
14375,3598,6677,"director"
14376,3598,7076,"actor"
14377,3599,529,"director"
14378,3599,2538,"actor"
14379,3599,7736,"actor"
14380,3599,8144,"actor"
14381,3600,148,"director"
14382,3600,1738,"actor"
14383,3600,6008,"actor"
14384,3600,7863,"actor"
14385,3601,166,"director"
14386,3601,2025,"actor"
14387,3601,2706,"actor"
14388,3601,5710,"actor"
14389,3602,427,"director"
14390,3602,2148,"actor"
14391,3602,2798,"actor"
14392,3602,6307,"actor"
14393,3603,1232,"actor"
14394,3603,2030,"actor"
14395,3603,2556,"actor"
14396,3603,7902,"director"
14397,3604,1050,"actor"
14398,3604,4703,"actor"
14399,3604,5486,"director"
14400,3604,7256,"actor"
14401,3605,6802,"director"
14402,3605,6835,"actor"
14403,3605,7475,"actor"
14404,3605,7915,"actor"
14405,3606,934,"director"
14406,3606,2857,"actor"
14407,3606,3877,"actor"
14408,3606,6468,"actor"
14409,3607,4029,"actor"
14410,3607,5370,"actor"
14411,3607,5370,"director"
14412,3607,8084,"actor"
14413,3608,3673,"actor"
14414,3608,3965,"director"
14415,3608,6884,"actor"
14416,3608,7915,"actor"
14417,3609,3482,"actor"
14418,3609,3717,"actor"
14419,3609,7605,"actor"
14420,3609,7605,"director"
14421,3610,1670,"actor"
14422,3610,5017,"actor"
14423,3610,5147,"actor"
14424,3610,7265,"director"
14425,3611,1371,"actor"
14426,3611,1904,"director"
14427,3611,3237,"actor"
14428,3611,5448,"actor"
14429,3612,3735,"actor"
14430,3612,6048,"actor"
14431,3612,6879,"director"
14432,3612,7816,"actor"
14433,3613,1359,"actor"
14434,3613,1854,"director"
14435,3613,5537,"actor"
14436,3613,5550,"actor"
14437,3614,4157,"actor"
14438,3614,4883,"director"
14439,3614,5479,"actor"
14440,3614,8316,"actor"
14441,3615,3509,"actor"
14442,3615,4830,"actor"
14443,3615,5623,"director"
14444,3615,5860,"actor"
14445,3616,1522,"actor"
14446,3616,2033,"actor"
14447,3616,3608,"actor"
14448,3616,7889,"director"
14449,3617,19,"actor"
14450,3617,5027,"director"
14451,3617,5982,"actor"
14452,3617,7237,"actor"
14453,3618,594,"actor"
14454,3618,1087,"actor"
14455,3618,1720,"director"
14456,3618,6144,"actor"
14457,3619,3128,"director"
14458,3619,3470,"actor"
14459,3619,5600,"actor"
14460,3619,7436,"actor"
14461,3620,876,"actor"
14462,3620,4236,"director"
14463,3620,4439,"actor"
14464,3620,5449,"actor"
14465,3621,1328,"actor"
14466,3621,3475,"actor"
14467,3621,6078,"actor"
14468,3621,7604,"director"
14469,3622,3274,"actor"
14470,3622,5633,"director"
14471,3622,7098,"actor"
14472,3622,8384,"actor"
14473,3623,104,"actor"
14474,3623,1721,"actor"
14475,3623,6047,"actor"
14476,3623,6205,"director"
14477,3624,414,"director"
14478,3624,5850,"actor"
14479,3624,6632,"actor"
14480,3624,7324,"actor"
14481,3625,47,"director"
14482,3625,2034,"actor"
14483,3625,2197,"actor"
14484,3625,8222,"actor"
14485,3626,1488,"actor"
14486,3626,1870,"actor"
14487,3626,5854,"actor"
14488,3626,5932,"director"
14489,3627,78,"actor"
14490,3627,412,"director"
14491,3627,1649,"actor"
14492,3627,2945,"actor"
14493,3628,2558,"director"
14494,3628,4026,"actor"
14495,3628,4621,"actor"
14496,3628,7182,"actor"
14497,3629,397,"actor"
14498,3629,1850,"director"
14499,3629,2191,"actor"
14500,3629,5107,"actor"
14501,3630,4061,"director"
14502,3630,5941,"actor"
14503,3630,6058,"actor"
14504,3630,6758,"actor"
14505,3631,317,"actor"
14506,3631,989,"director"
14507,3631,2769,"actor"
14508,3631,5041,"actor"
14509,3632,1142,"actor"
14510,3632,4153,"director"
14511,3632,4423,"actor"
14512,3632,7153,"actor"
14513,3633,2090,"actor"
14514,3633,4246,"director"
14515,3633,6559,"actor"
14516,3633,7869,"actor"
14517,3634,445,"actor"
14518,3634,2559,"director"
14519,3634,4022,"actor"
14520,3634,6953,"actor"
14521,3635,445,"actor"
14522,3635,2559,"director"
14523,3635,4022,"actor"
14524,3635,6953,"actor"
14525,3636,696,"director"
14526,3636,3651,"actor"
14527,3636,4043,"actor"
14528,3636,6084,"actor"
14529,3637,477,"actor"
14530,3637,1931,"director"
14531,3637,4621,"actor"
14532,3637,6796,"actor"
14533,3638,3102,"director"
14534,3638,4632,"actor"
14535,3638,5307,"actor"
14536,3638,8361,"actor"
14537,3639,2139,"actor"
14538,3639,3553,"actor"
14539,3639,7378,"director"
14540,3639,7940,"actor"
14541,3640,514,"actor"
14542,3640,578,"actor"
14543,3640,3823,"director"
14544,3640,7358,"actor"
14545,3641,3596,"actor"
14546,3641,4771,"actor"
14547,3641,4771,"director"
14548,3641,5467,"actor"
14549,3642,2122,"actor"
14550,3642,3989,"actor"
14551,3642,4758,"director"
14552,3642,7885,"actor"
14553,3643,3140,"director"
14554,3643,3553,"actor"
14555,3643,6536,"actor"
14556,3643,7697,"actor"
14557,3644,364,"director"
14558,3644,2853,"actor"
14559,3644,3864,"actor"
14560,3644,6082,"actor"
14561,3645,3337,"actor"
14562,3645,3558,"actor"
14563,3645,4140,"director"
14564,3645,6047,"actor"
14565,3646,3337,"actor"
14566,3646,3558,"actor"
14567,3646,4140,"director"
14568,3646,6047,"actor"
14569,3647,1037,"actor"
14570,3647,2460,"director"
14571,3647,3558,"actor"
14572,3647,5317,"actor"
14573,3648,1928,"director"
14574,3648,4106,"actor"
14575,3648,5979,"actor"
14576,3648,8388,"actor"
14577,3649,1276,"actor"
14578,3649,2287,"director"
14579,3649,4387,"actor"
14580,3649,8020,"actor"
14581,3650,2135,"actor"
14582,3650,5271,"director"
14583,3650,7202,"actor"
14584,3650,7541,"actor"
14585,3651,2025,"actor"
14586,3651,2465,"actor"
14587,3651,6922,"actor"
14588,3651,7960,"director"
14589,3652,493,"actor"
14590,3652,915,"actor"
14591,3652,2686,"director"
14592,3652,7676,"actor"
14593,3653,498,"actor"
14594,3653,1802,"actor"
14595,3653,2074,"actor"
14596,3653,3459,"director"
14597,3654,621,"actor"
14598,3654,2604,"actor"
14599,3654,3890,"actor"
14600,3654,6037,"director"
14601,3655,289,"actor"
14602,3655,3295,"director"
14603,3655,4489,"actor"
14604,3655,4621,"actor"
14605,3656,1451,"actor"
14606,3656,5548,"actor"
14607,3656,7662,"actor"
14608,3656,8023,"director"
14609,3657,2740,"actor"
14610,3657,4085,"director"
14611,3657,6959,"actor"
14612,3657,6961,"actor"
14613,3658,1979,"director"
14614,3658,3622,"actor"
14615,3658,4723,"actor"
14616,3658,7303,"actor"
14617,3659,721,"director"
14618,3659,2477,"actor"
14619,3659,2966,"actor"
14620,3659,5345,"actor"
14621,3660,2387,"director"
14622,3660,4160,"actor"
14623,3660,4282,"actor"
14624,3660,7868,"actor"
14625,3661,422,"director"
14626,3661,1397,"actor"
14627,3661,3393,"actor"
14628,3661,3404,"actor"
14629,3662,514,"actor"
14630,3662,2493,"actor"
14631,3662,5818,"actor"
14632,3662,8297,"director"
14633,3663,824,"actor"
14634,3663,3513,"actor"
14635,3663,3782,"actor"
14636,3663,4828,"director"
14637,3664,773,"actor"
14638,3664,2081,"actor"
14639,3664,2633,"actor"
14640,3664,6944,"director"
14641,3665,354,"actor"
14642,3665,4471,"actor"
14643,3665,6584,"director"
14644,3665,6625,"actor"
14645,3666,477,"actor"
14646,3666,1063,"actor"
14647,3666,4083,"director"
14648,3666,4135,"actor"
14649,3667,1361,"director"
14650,3667,2001,"actor"
14651,3667,2226,"actor"
14652,3667,6797,"actor"
14653,3668,1836,"director"
14654,3668,5528,"actor"
14655,3668,7111,"actor"
14656,3668,8120,"actor"
14657,3669,2212,"actor"
14658,3669,2223,"actor"
14659,3669,4223,"director"
14660,3669,7191,"actor"
14661,3670,40,"actor"
14662,3670,774,"director"
14663,3670,848,"actor"
14664,3670,2587,"actor"
14665,3671,586,"director"
14666,3671,4764,"actor"
14667,3671,6358,"actor"
14668,3671,7242,"actor"
14669,3672,6172,"actor"
14670,3672,6240,"actor"
14671,3672,7758,"actor"
14672,3672,7855,"director"
14673,3673,729,"actor"
14674,3673,4002,"director"
14675,3673,4448,"actor"
14676,3673,6624,"actor"
14677,3674,1576,"actor"
14678,3674,2439,"actor"
14679,3674,4271,"actor"
14680,3674,5684,"director"
14681,3675,5224,"actor"
14682,3675,5479,"actor"
14683,3675,5567,"actor"
14684,3675,6849,"director"
14685,3676,3486,"actor"
14686,3676,3486,"director"
14687,3676,5928,"actor"
14688,3676,7204,"actor"
14689,3677,343,"actor"
14690,3677,3684,"actor"
14691,3677,4718,"actor"
14692,3677,5695,"director"
14693,3678,3856,"actor"
14694,3678,6473,"actor"
14695,3678,6871,"director"
14696,3678,8066,"actor"
14697,3679,2554,"actor"
14698,3679,5675,"director"
14699,3679,6829,"actor"
14700,3679,8264,"actor"
14701,3680,2000,"actor"
14702,3680,2497,"actor"
14703,3680,2767,"actor"
14704,3680,7044,"director"
14705,3681,383,"actor"
14706,3681,2869,"director"
14707,3681,6997,"actor"
14708,3681,8185,"actor"
14709,3682,3157,"actor"
14710,3682,3736,"actor"
14711,3682,5584,"actor"
14712,3682,7122,"director"
14713,3683,3800,"actor"
14714,3683,3813,"director"
14715,3683,3888,"actor"
14716,3683,5008,"actor"
14717,3684,63,"actor"
14718,3684,2260,"actor"
14719,3684,2279,"director"
14720,3684,5789,"actor"
14721,3685,3287,"director"
14722,3685,3974,"actor"
14723,3685,4282,"actor"
14724,3685,6398,"actor"
14725,3686,3754,"actor"
14726,3686,4084,"director"
14727,3686,5989,"actor"
14728,3686,6493,"actor"
14729,3687,205,"actor"
14730,3687,1695,"director"
14731,3687,2432,"actor"
14732,3687,5293,"actor"
14733,3688,4281,"director"
14734,3688,4624,"actor"
14735,3688,5490,"actor"
14736,3688,5524,"actor"
14737,3689,929,"actor"
14738,3689,5365,"actor"
14739,3689,6652,"director"
14740,3689,6679,"actor"
14741,3690,930,"actor"
14742,3690,4013,"director"
14743,3690,6418,"actor"
14744,3690,7941,"actor"
14745,3691,2104,"actor"
14746,3691,5300,"director"
14747,3691,7055,"actor"
14748,3691,7474,"actor"
14749,3692,5331,"actor"
14750,3692,6195,"director"
14751,3692,7483,"actor"
14752,3692,8201,"actor"
14753,3693,2115,"actor"
14754,3693,4528,"actor"
14755,3693,5914,"actor"
14756,3693,7865,"director"
14757,3694,1328,"actor"
14758,3694,2097,"actor"
14759,3694,3015,"actor"
14760,3694,3823,"director"
14761,3695,1400,"actor"
14762,3695,4235,"actor"
14763,3695,4352,"actor"
14764,3695,6879,"director"
14765,3696,2233,"actor"
14766,3696,3828,"actor"
14767,3696,3955,"director"
14768,3696,7755,"actor"
14769,3697,249,"actor"
14770,3697,4643,"actor"
14771,3697,5655,"director"
14772,3697,7475,"actor"
14773,3698,5294,"director"
14774,3698,6590,"actor"
14775,3698,7113,"actor"
14776,3698,7367,"actor"
14777,3699,1090,"actor"
14778,3699,3677,"actor"
14779,3699,4109,"actor"
14780,3699,6052,"director"
14781,3700,2926,"actor"
14782,3700,5317,"actor"
14783,3700,5771,"actor"
14784,3700,7539,"director"
14785,3701,605,"actor"
14786,3701,2798,"actor"
14787,3701,4963,"actor"
14788,3701,6486,"director"
14789,3702,200,"actor"
14790,3702,200,"director"
14791,3702,702,"actor"
14792,3702,7610,"actor"
14793,3703,2366,"actor"
14794,3703,2854,"director"
14795,3703,6988,"actor"
14796,3703,7494,"actor"
14797,3704,2919,"actor"
14798,3704,5413,"actor"
14799,3704,8213,"director"
14800,3704,8357,"actor"
14801,3705,4138,"director"
14802,3705,4157,"actor"
14803,3705,6111,"actor"
14804,3705,7257,"actor"
14805,3706,1826,"director"
14806,3706,2565,"actor"
14807,3706,6448,"actor"
14808,3706,8358,"actor"
14809,3707,1236,"director"
14810,3707,2998,"actor"
14811,3707,5602,"actor"
14812,3707,5777,"actor"
14813,3708,2917,"actor"
14814,3708,3757,"director"
14815,3708,5818,"actor"
14816,3708,7111,"actor"
14817,3709,162,"actor"
14818,3709,5943,"director"
14819,3709,6967,"actor"
14820,3709,6988,"actor"
14821,3710,812,"actor"
14822,3710,4395,"actor"
14823,3710,5941,"actor"
14824,3710,6153,"director"
14825,3711,24,"actor"
14826,3711,825,"actor"
14827,3711,6424,"actor"
14828,3711,6868,"director"
14829,3712,1403,"actor"
14830,3712,5160,"director"
14831,3712,7412,"actor"
14832,3712,7692,"actor"
14833,3713,1412,"actor"
14834,3713,3232,"director"
14835,3713,4365,"actor"
14836,3713,7276,"actor"
14837,3714,7454,"director"
14838,3714,7459,"actor"
14839,3714,7752,"actor"
14840,3714,7885,"actor"
14841,3715,2197,"actor"
14842,3715,4275,"director"
14843,3715,6234,"actor"
14844,3715,8122,"actor"
14845,3716,1575,"actor"
14846,3716,2360,"actor"
14847,3716,3271,"actor"
14848,3716,7535,"director"
14849,3717,946,"actor"
14850,3717,2416,"actor"
14851,3717,4029,"actor"
14852,3717,4339,"director"
14853,3718,4282,"actor"
14854,3718,5296,"actor"
14855,3718,5710,"actor"
14856,3718,8226,"director"
14857,3719,1589,"director"
14858,3719,2881,"actor"
14859,3719,6570,"actor"
14860,3719,7088,"actor"
14861,3720,1420,"actor"
14862,3720,5205,"director"
14863,3720,5941,"actor"
14864,3720,7402,"actor"
14865,3721,3028,"actor"
14866,3721,4523,"actor"
14867,3721,4540,"director"
14868,3721,4740,"actor"
14869,3722,102,"actor"
14870,3722,1131,"director"
14871,3722,4182,"actor"
14872,3722,6578,"actor"
14873,3723,592,"actor"
14874,3723,1524,"director"
14875,3723,5038,"actor"
14876,3723,7203,"actor"
14877,3724,5249,"director"
14878,3724,6996,"actor"
14879,3724,7621,"actor"
14880,3724,7697,"actor"
14881,3725,878,"director"
14882,3725,3604,"actor"
14883,3725,4690,"actor"
14884,3725,7471,"actor"
14885,3726,3690,"actor"
14886,3726,3842,"director"
14887,3726,3964,"actor"
14888,3726,8099,"actor"
14889,3727,910,"actor"
14890,3727,1541,"actor"
14891,3727,2771,"director"
14892,3727,6834,"actor"
14893,3728,1804,"actor"
14894,3728,5310,"director"
14895,3728,6487,"actor"
14896,3728,6961,"actor"
14897,3729,1218,"actor"
14898,3729,5485,"actor"
14899,3729,5528,"actor"
14900,3729,7539,"director"
14901,3730,118,"actor"
14902,3730,4245,"actor"
14903,3730,5785,"director"
14904,3730,7609,"actor"
14905,3731,21,"actor"
14906,3731,3827,"actor"
14907,3731,5326,"actor"
14908,3731,5347,"director"
14909,3732,790,"actor"
14910,3732,2140,"actor"
14911,3732,5502,"actor"
14912,3732,8077,"director"
14913,3733,2917,"actor"
14914,3733,3456,"director"
14915,3733,5758,"actor"
14916,3733,6743,"actor"
14917,3734,343,"actor"
14918,3734,1275,"actor"
14919,3734,5677,"director"
14920,3734,6369,"actor"
14921,3735,1281,"actor"
14922,3735,2311,"actor"
14923,3735,2691,"actor"
14924,3735,7794,"director"
14925,3736,4538,"actor"
14926,3736,4866,"actor"
14927,3736,6566,"actor"
14928,3736,7233,"director"
14929,3737,1308,"actor"
14930,3737,1422,"actor"
14931,3737,5263,"director"
14932,3737,6536,"actor"
14933,3738,205,"actor"
14934,3738,1629,"director"
14935,3738,2357,"actor"
14936,3738,6585,"actor"
14937,3739,1075,"actor"
14938,3739,2163,"director"
14939,3739,3707,"actor"
14940,3739,6044,"actor"
14941,3740,1719,"actor"
14942,3740,3046,"actor"
14943,3740,7493,"actor"
14944,3740,7661,"director"
14945,3741,445,"director"
14946,3741,933,"actor"
14947,3741,3593,"actor"
14948,3741,5963,"actor"
14949,3742,406,"director"
14950,3742,4282,"actor"
14951,3742,5311,"actor"
14952,3742,6047,"actor"
14953,3743,2033,"actor"
14954,3743,3458,"actor"
14955,3743,4074,"director"
14956,3743,5035,"actor"
14957,3744,1500,"director"
14958,3744,4294,"actor"
14959,3744,4792,"actor"
14960,3744,5818,"actor"
14961,3745,52,"actor"
14962,3745,125,"actor"
14963,3745,2016,"director"
14964,3745,7802,"actor"
14965,3746,2485,"actor"
14966,3746,3500,"director"
14967,3746,4208,"actor"
14968,3746,6470,"actor"
14969,3747,1705,"actor"
14970,3747,6033,"director"
14971,3747,7801,"actor"
14972,3747,7857,"actor"
14973,3748,2696,"actor"
14974,3748,4738,"actor"
14975,3748,4926,"actor"
14976,3748,7026,"director"
14977,3749,52,"actor"
14978,3749,639,"actor"
14979,3749,2016,"director"
14980,3749,4528,"actor"
14981,3750,899,"actor"
14982,3750,4052,"director"
14983,3750,7195,"actor"
14984,3750,8041,"actor"
14985,3751,3176,"actor"
14986,3751,3545,"actor"
14987,3751,4691,"actor"
14988,3751,4810,"director"
14989,3752,699,"actor"
14990,3752,718,"director"
14991,3752,5793,"actor"
14992,3752,5874,"actor"
14993,3753,709,"actor"
14994,3753,2704,"director"
14995,3753,3482,"actor"
14996,3753,6764,"actor"
14997,3754,1140,"actor"
14998,3754,5365,"actor"
14999,3754,7145,"actor"
15000,3754,8249,"director"
15001,3755,445,"actor"
15002,3755,2706,"actor"
15003,3755,3632,"director"
15004,3755,5668,"actor"
15005,3756,2742,"actor"
15006,3756,4274,"actor"
15007,3756,4334,"director"
15008,3756,4618,"actor"
15009,3757,6500,"actor"
15010,3757,6740,"actor"
15011,3757,7885,"actor"
15012,3757,7885,"director"
15013,3758,110,"director"
15014,3758,3542,"actor"
15015,3758,3544,"actor"
15016,3758,4381,"actor"
15017,3759,4044,"actor"
15018,3759,4835,"director"
15019,3759,6544,"actor"
15020,3759,7860,"actor"
15021,3760,1246,"actor"
15022,3760,2172,"director"
15023,3760,2544,"actor"
15024,3760,3622,"actor"
15025,3761,2798,"actor"
15026,3761,4378,"actor"
15027,3761,5041,"actor"
15028,3761,5095,"director"
15029,3762,3924,"actor"
15030,3762,4473,"director"
15031,3762,4557,"actor"
15032,3762,5317,"actor"
15033,3763,604,"actor"
15034,3763,2000,"actor"
15035,3763,3213,"director"
15036,3763,4538,"actor"
15037,3764,1666,"actor"
15038,3764,2296,"actor"
15039,3764,7361,"director"
15040,3764,7878,"actor"
15041,3765,920,"actor"
15042,3765,1405,"actor"
15043,3765,4214,"actor"
15044,3765,7190,"director"
15045,3766,223,"actor"
15046,3766,1263,"actor"
15047,3766,4599,"actor"
15048,3766,4698,"director"
15049,3767,613,"actor"
15050,3767,4638,"actor"
15051,3767,5969,"actor"
15052,3767,8297,"director"
15053,3768,901,"director"
15054,3768,3651,"actor"
15055,3768,5580,"actor"
15056,3768,7870,"actor"
15057,3769,732,"director"
15058,3769,910,"actor"
15059,3769,6382,"actor"
15060,3769,6835,"actor"
15061,3770,957,"actor"
15062,3770,4762,"actor"
15063,3770,4998,"actor"
15064,3770,7747,"director"
15065,3771,5041,"actor"
15066,3771,5222,"director"
15067,3771,6066,"actor"
15068,3771,6376,"actor"
15069,3772,5233,"actor"
15070,3772,5945,"actor"
15071,3772,6560,"actor"
15072,3772,7422,"director"
15073,3773,2240,"actor"
15074,3773,4218,"actor"
15075,3773,7356,"director"
15076,3773,7838,"actor"
15077,3774,204,"actor"
15078,3774,3731,"actor"
15079,3774,5548,"actor"
15080,3774,5548,"director"
15081,3775,1541,"actor"
15082,3775,2686,"director"
15083,3775,6764,"actor"
15084,3775,7235,"actor"
15085,3776,1082,"actor"
15086,3776,1732,"actor"
15087,3776,2259,"director"
15088,3776,4488,"actor"
15089,3777,2919,"actor"
15090,3777,3200,"director"
15091,3777,5719,"actor"
15092,3777,5830,"actor"
15093,3778,394,"director"
15094,3778,3449,"actor"
15095,3778,6458,"actor"
15096,3778,6749,"actor"
15097,3779,493,"actor"
15098,3779,3760,"actor"
15099,3779,4922,"director"
15100,3779,6473,"actor"
15101,3780,53,"actor"
15102,3780,3686,"director"
15103,3780,7497,"actor"
15104,3780,8394,"actor"
15105,3781,1429,"actor"
15106,3781,3052,"director"
15107,3781,3863,"actor"
15108,3781,7405,"actor"
15109,3782,880,"actor"
15110,3782,2902,"director"
15111,3782,3650,"actor"
15112,3782,5881,"actor"
15113,3783,4741,"director"
15114,3784,4022,"actor"
15115,3784,6731,"director"
15116,3784,7037,"actor"
15117,3784,7458,"actor"
15118,3785,4321,"actor"
15119,3785,5066,"actor"
15120,3785,5066,"director"
15121,3785,6601,"actor"
15122,3786,137,"actor"
15123,3786,3262,"actor"
15124,3786,4166,"actor"
15125,3786,7174,"director"
15126,3787,103,"actor"
15127,3787,1098,"actor"
15128,3787,3832,"director"
15129,3787,7760,"actor"
15130,3788,346,"actor"
15131,3788,1342,"director"
15132,3788,1556,"actor"
15133,3788,7031,"actor"
15134,3789,1976,"actor"
15135,3789,4020,"actor"
15136,3789,4727,"director"
15137,3789,8314,"actor"
15138,3790,2877,"director"
15139,3790,4022,"actor"
15140,3790,6536,"actor"
15141,3790,7475,"actor"
15142,3791,2299,"actor"
15143,3791,4862,"actor"
15144,3791,6132,"actor"
15145,3791,7980,"director"
15146,3792,3112,"actor"
15147,3792,6027,"actor"
15148,3792,7284,"director"
15149,3792,7965,"actor"
15150,3793,4414,"actor"
15151,3793,4631,"director"
15152,3793,5001,"actor"
15153,3793,5984,"actor"
15154,3794,812,"actor"
15155,3794,1178,"director"
15156,3794,2706,"actor"
15157,3794,8148,"actor"
15158,3795,472,"actor"
15159,3795,4537,"director"
15160,3795,5485,"actor"
15161,3795,7475,"actor"
15162,3796,493,"actor"
15163,3796,1125,"director"
15164,3796,8180,"actor"
15165,3796,8232,"actor"
15166,3797,1910,"actor"
15167,3797,3338,"actor"
15168,3797,6964,"director"
15169,3797,8020,"actor"
15170,3798,1601,"actor"
15171,3798,2778,"director"
15172,3798,3743,"actor"
15173,3798,5681,"actor"
15174,3799,640,"actor"
15175,3799,1534,"actor"
15176,3799,6431,"actor"
15177,3799,6888,"director"
15178,3800,274,"director"
15179,3800,3166,"actor"
15180,3800,6594,"actor"
15181,3800,6664,"actor"
15182,3801,759,"director"
15183,3801,2803,"actor"
15184,3801,3280,"actor"
15185,3801,3794,"actor"
15186,3802,103,"actor"
15187,3802,268,"actor"
15188,3802,7306,"actor"
15189,3802,8208,"director"
15190,3803,3306,"actor"
15191,3803,5528,"actor"
15192,3803,5945,"actor"
15193,3803,7512,"director"
15194,3804,1363,"actor"
15195,3804,1916,"director"
15196,3804,3846,"actor"
15197,3804,4356,"actor"
15198,3805,2237,"actor"
15199,3805,2944,"director"
15200,3805,6176,"actor"
15201,3805,6765,"actor"
15202,3806,3464,"actor"
15203,3806,4133,"director"
15204,3806,6340,"actor"
15205,3806,6455,"actor"
15206,3807,55,"actor"
15207,3807,1336,"director"
15208,3807,2415,"actor"
15209,3807,4221,"actor"
15210,3808,3492,"director"
15211,3808,4991,"actor"
15212,3808,5243,"actor"
15213,3808,7939,"actor"
15214,3809,824,"actor"
15215,3809,3720,"actor"
15216,3809,6975,"actor"
15217,3809,8196,"director"
15218,3810,91,"actor"
15219,3810,662,"actor"
15220,3810,3243,"director"
15221,3810,4504,"actor"
15222,3811,604,"actor"
15223,3811,4598,"actor"
15224,3811,5002,"director"
15225,3811,7507,"actor"
15226,3812,1316,"actor"
15227,3812,1599,"actor"
15228,3812,2022,"actor"
15229,3812,7198,"director"
15230,3813,1412,"actor"
15231,3813,1558,"actor"
15232,3813,3387,"actor"
15233,3813,8372,"director"
15234,3814,1159,"actor"
15235,3814,2188,"director"
15236,3814,3286,"actor"
15237,3814,6973,"actor"
15238,3815,220,"actor"
15239,3815,1790,"actor"
15240,3815,3850,"actor"
15241,3815,6804,"director"
15242,3816,223,"actor"
15243,3816,4738,"actor"
15244,3816,6593,"actor"
15245,3816,6840,"director"
15246,3817,20,"actor"
15247,3817,4043,"actor"
15248,3817,7157,"actor"
15249,3817,8362,"director"
15250,3818,107,"actor"
15251,3818,3216,"director"
15252,3818,3845,"actor"
15253,3818,8356,"actor"
15254,3819,1666,"actor"
15255,3819,5491,"actor"
15256,3819,5522,"director"
15257,3819,7963,"actor"
15258,3820,3574,"director"
15259,3820,4395,"actor"
15260,3820,6782,"actor"
15261,3820,7291,"actor"
15262,3821,2774,"director"
15263,3821,4059,"actor"
15264,3821,5317,"actor"
15265,3821,5553,"actor"
15266,3822,5035,"actor"
15267,3822,7540,"director"
15268,3822,7838,"actor"
15269,3822,7941,"actor"
15270,3823,836,"actor"
15271,3823,2724,"director"
15272,3823,5485,"actor"
15273,3823,6714,"actor"
15274,3824,739,"actor"
15275,3824,755,"actor"
15276,3824,2220,"actor"
15277,3824,5632,"director"
15278,3825,3157,"actor"
15279,3825,3179,"actor"
15280,3825,4143,"actor"
15281,3825,5927,"director"
15282,3826,1288,"actor"
15283,3826,3622,"actor"
15284,3826,3799,"director"
15285,3826,6704,"actor"
15286,3827,1203,"actor"
15287,3827,3965,"director"
15288,3827,6261,"actor"
15289,3827,7915,"actor"
15290,3828,1852,"director"
15291,3828,3795,"actor"
15292,3828,3850,"actor"
15293,3828,4531,"actor"
15294,3829,1844,"director"
15295,3829,5732,"actor"
15296,3829,6047,"actor"
15297,3829,6996,"actor"
15298,3830,1332,"director"
15299,3830,1795,"actor"
15300,3830,5398,"actor"
15301,3830,8089,"actor"
15302,3831,222,"director"
15303,3831,685,"actor"
15304,3831,5925,"actor"
15305,3831,7245,"actor"
15306,3832,2097,"actor"
15307,3832,4755,"director"
15308,3832,4981,"actor"
15309,3832,5460,"actor"
15310,3833,1218,"actor"
15311,3833,1277,"actor"
15312,3833,1501,"actor"
15313,3833,6890,"director"
15314,3834,4717,"actor"
15315,3834,5491,"actor"
15316,3834,6920,"actor"
15317,3834,8303,"director"
15318,3835,1371,"actor"
15319,3835,5885,"actor"
15320,3835,7315,"actor"
15321,3835,8324,"director"
15322,3836,931,"director"
15323,3836,1497,"actor"
15324,3836,3325,"actor"
15325,3836,7204,"actor"
15326,3837,1850,"director"
15327,3837,2871,"actor"
15328,3837,3856,"actor"
15329,3837,6835,"actor"
15330,3838,2136,"actor"
15331,3838,3216,"actor"
15332,3838,5781,"director"
15333,3838,6437,"actor"
15334,3839,1213,"actor"
15335,3839,1400,"actor"
15336,3839,5631,"director"
15337,3839,7915,"actor"
15338,3840,2601,"actor"
15339,3840,3306,"actor"
15340,3840,3806,"director"
15341,3840,4832,"actor"
15342,3841,2110,"actor"
15343,3841,2548,"actor"
15344,3841,3975,"director"
15345,3841,8165,"actor"
15346,3842,915,"actor"
15347,3842,5298,"actor"
15348,3842,5703,"actor"
15349,3842,7852,"director"
15350,3843,8030,"director"
15351,3844,1063,"actor"
15352,3844,2366,"actor"
15353,3844,5705,"actor"
15354,3844,7664,"director"
15355,3845,1517,"actor"
15356,3845,2182,"actor"
15357,3845,7189,"actor"
15358,3845,8259,"director"
15359,3846,2755,"director"
15360,3846,3608,"actor"
15361,3846,6382,"actor"
15362,3846,6988,"actor"
15363,3847,3292,"actor"
15364,3847,4771,"actor"
15365,3847,6120,"actor"
15366,3847,7769,"director"
15367,3848,3736,"actor"
15368,3848,5470,"actor"
15369,3848,6039,"actor"
15370,3848,6396,"director"
15371,3849,2857,"actor"
15372,3849,4494,"actor"
15373,3849,7650,"director"
15374,3849,8265,"actor"
15375,3850,903,"director"
15376,3850,2569,"actor"
15377,3850,5128,"actor"
15378,3850,5365,"actor"
15379,3851,540,"actor"
15380,3851,2042,"director"
15381,3851,6058,"actor"
15382,3851,8092,"actor"
15383,3852,3482,"actor"
15384,3852,5722,"actor"
15385,3852,7362,"director"
15386,3852,7948,"actor"
15387,3853,782,"actor"
15388,3853,2399,"actor"
15389,3853,3309,"director"
15390,3853,7523,"actor"
15391,3854,2144,"actor"
15392,3854,2679,"director"
15393,3854,3154,"actor"
15394,3854,8317,"actor"
15395,3855,158,"actor"
15396,3855,926,"actor"
15397,3855,926,"director"
15398,3855,6744,"actor"
15399,3856,514,"actor"
15400,3856,1525,"actor"
15401,3856,5662,"director"
15402,3856,7838,"actor"
15403,3857,1380,"director"
15404,3857,1738,"actor"
15405,3857,2569,"actor"
15406,3857,4762,"actor"
15407,3858,554,"actor"
15408,3858,1858,"director"
15409,3858,3212,"actor"
15410,3858,4652,"actor"
15411,3859,5047,"actor"
15412,3859,5061,"actor"
15413,3859,6477,"director"
15414,3859,7791,"actor"
15415,3860,125,"actor"
15416,3860,1218,"actor"
15417,3860,2087,"director"
15418,3860,7975,"actor"
15419,3861,4914,"actor"
15420,3861,5712,"actor"
15421,3861,6071,"actor"
15422,3861,6233,"director"
15423,3862,910,"actor"
15424,3862,2547,"actor"
15425,3862,7712,"director"
15426,3862,8016,"actor"
15427,3863,2166,"actor"
15428,3863,4109,"actor"
15429,3863,4846,"actor"
15430,3863,6872,"director"
15431,3864,514,"actor"
15432,3864,1334,"actor"
15433,3864,4469,"director"
15434,3864,5830,"actor"
15435,3865,722,"actor"
15436,3865,1522,"actor"
15437,3865,2706,"actor"
15438,3865,7916,"director"
15439,3866,960,"director"
15440,3866,2655,"actor"
15441,3866,4197,"actor"
15442,3866,5352,"actor"
15443,3867,2857,"actor"
15444,3867,4508,"actor"
15445,3867,4812,"actor"
15446,3867,5487,"director"
15447,3868,169,"actor"
15448,3868,1034,"actor"
15449,3868,2578,"director"
15450,3868,3792,"actor"
15451,3869,100,"actor"
15452,3869,2604,"actor"
15453,3869,3493,"director"
15454,3869,4832,"actor"
15455,3870,100,"actor"
15456,3870,2604,"actor"
15457,3870,3493,"director"
15458,3870,4832,"actor"
15459,3871,722,"actor"
15460,3871,2237,"actor"
15461,3871,3645,"actor"
15462,3871,7540,"director"
15463,3872,2601,"actor"
15464,3872,2723,"director"
15465,3872,4508,"actor"
15466,3872,7886,"actor"
15467,3873,1400,"actor"
15468,3873,2579,"director"
15469,3873,3337,"actor"
15470,3873,6796,"actor"
15471,3874,1096,"director"
15472,3874,5317,"actor"
15473,3874,7142,"actor"
15474,3874,7441,"actor"
15475,3875,595,"actor"
15476,3875,2497,"actor"
15477,3875,5022,"director"
15478,3875,7368,"actor"
15479,3876,398,"director"
15480,3876,1346,"actor"
15481,3876,7871,"actor"
15482,3876,8073,"actor"
15483,3877,554,"actor"
15484,3877,1328,"actor"
15485,3877,2216,"actor"
15486,3877,5204,"director"
15487,3878,612,"actor"
15488,3878,1772,"director"
15489,3878,3617,"actor"
15490,3878,8203,"actor"
15491,3879,1588,"actor"
15492,3879,3105,"actor"
15493,3879,6783,"actor"
15494,3879,7463,"director"
15495,3880,1103,"actor"
15496,3880,2666,"director"
15497,3880,4340,"actor"
15498,3880,5136,"actor"
15499,3881,3622,"actor"
15500,3881,5374,"director"
15501,3881,5528,"actor"
15502,3881,6034,"actor"
15503,3882,1268,"actor"
15504,3882,5740,"actor"
15505,3882,6747,"director"
15506,3882,7255,"actor"
15507,3883,1258,"actor"
15508,3883,1533,"actor"
15509,3883,3477,"director"
15510,3883,6172,"actor"
15511,3884,1858,"director"
15512,3884,3338,"actor"
15513,3884,5830,"actor"
15514,3884,8394,"actor"
15515,3885,5020,"director"
15516,3885,5192,"actor"
15517,3885,5431,"actor"
15518,3885,5671,"actor"
15519,3886,2595,"director"
15520,3886,4804,"actor"
15521,3886,5914,"actor"
15522,3886,6922,"actor"
15523,3887,645,"actor"
15524,3887,2084,"actor"
15525,3887,2084,"director"
15526,3887,8365,"actor"
15527,3888,1218,"actor"
15528,3888,1955,"actor"
15529,3888,6371,"director"
15530,3888,6740,"actor"
15531,3889,258,"actor"
15532,3889,1760,"actor"
15533,3889,5076,"actor"
15534,3889,6117,"director"
15535,3890,993,"director"
15536,3890,2893,"actor"
15537,3890,3926,"actor"
15538,3890,4940,"actor"
15539,3891,731,"actor"
15540,3891,2097,"actor"
15541,3891,6953,"actor"
15542,3891,7822,"director"
15543,3892,214,"actor"
15544,3892,3453,"actor"
15545,3892,5693,"director"
15546,3892,6912,"actor"
15547,3893,4328,"actor"
15548,3893,5046,"actor"
15549,3893,6998,"director"
15550,3893,7085,"actor"
15551,3894,1129,"actor"
15552,3894,1214,"actor"
15553,3894,1451,"actor"
15554,3894,6725,"director"
15555,3895,771,"actor"
15556,3895,2095,"director"
15557,3895,4224,"actor"
15558,3895,7202,"actor"
15559,3896,296,"actor"
15560,3896,1690,"actor"
15561,3896,4047,"director"
15562,3896,5842,"actor"
15563,3897,2372,"actor"
15564,3897,3185,"actor"
15565,3897,3535,"actor"
15566,3897,5534,"director"
15567,3898,2938,"actor"
15568,3898,3842,"director"
15569,3898,4436,"actor"
15570,3898,5364,"actor"
15571,3899,925,"director"
15572,3899,1087,"actor"
15573,3899,2164,"actor"
15574,3899,7111,"actor"
15575,3900,1612,"actor"
15576,3900,5844,"actor"
15577,3900,5906,"director"
15578,3900,6560,"actor"
15579,3901,194,"actor"
15580,3901,2274,"actor"
15581,3901,7029,"actor"
15582,3901,7267,"director"
15583,3902,696,"director"
15584,3902,1492,"actor"
15585,3902,7144,"actor"
15586,3902,7663,"actor"
15587,3903,2074,"actor"
15588,3903,2453,"actor"
15589,3903,3985,"director"
15590,3903,6798,"actor"
15591,3904,53,"actor"
15592,3904,407,"actor"
15593,3904,4599,"actor"
15594,3904,4811,"director"
15595,3905,210,"actor"
15596,3905,1110,"actor"
15597,3905,4580,"director"
15598,3905,6615,"actor"
15599,3906,223,"actor"
15600,3906,4832,"actor"
15601,3906,6280,"director"
15602,3906,7618,"actor"
15603,3907,725,"director"
15604,3907,2199,"actor"
15605,3907,2835,"actor"
15606,3907,6440,"actor"
15607,3908,389,"actor"
15608,3908,4456,"director"
15609,3908,7683,"actor"
15610,3908,7780,"actor"
15611,3909,117,"actor"
15612,3909,3718,"director"
15613,3909,5855,"actor"
15614,3909,6542,"actor"
15615,3910,504,"actor"
15616,3910,3508,"actor"
15617,3910,4383,"actor"
15618,3910,4383,"director"
15619,3911,2401,"actor"
15620,3911,3468,"actor"
15621,3911,5241,"actor"
15622,3911,7521,"director"
15623,3912,3989,"actor"
15624,3912,4247,"actor"
15625,3912,4436,"actor"
15626,3912,5182,"director"
15627,3913,3472,"actor"
15628,3913,4057,"actor"
15629,3913,7605,"actor"
15630,3913,8172,"director"
15631,3914,945,"actor"
15632,3914,1586,"actor"
15633,3914,2128,"actor"
15634,3914,7898,"director"
15635,3915,67,"actor"
15636,3915,4985,"actor"
15637,3915,5337,"director"
15638,3915,8222,"actor"
15639,3916,554,"actor"
15640,3916,3426,"actor"
15641,3916,4757,"director"
15642,3916,6728,"actor"
15643,3917,26,"actor"
15644,3917,2798,"actor"
15645,3917,4816,"actor"
15646,3917,5486,"director"
15647,3918,916,"director"
15648,3918,3162,"actor"
15649,3918,3684,"actor"
15650,3918,4092,"actor"
15651,3919,210,"actor"
15652,3919,596,"actor"
15653,3919,4165,"director"
15654,3919,5553,"actor"
15655,3920,382,"director"
15656,3920,1641,"actor"
15657,3920,2426,"actor"
15658,3920,3152,"actor"
15659,3921,3736,"actor"
15660,3921,3760,"actor"
15661,3921,7885,"actor"
15662,3921,7909,"director"
15663,3922,1600,"director"
15664,3922,2174,"actor"
15665,3922,3365,"actor"
15666,3922,5343,"actor"
15667,3923,642,"director"
15668,3923,1905,"actor"
15669,3923,3218,"actor"
15670,3923,4995,"actor"
15671,3924,956,"director"
15672,3924,1282,"actor"
15673,3924,1388,"actor"
15674,3924,8110,"actor"
15675,3925,1308,"actor"
15676,3925,1422,"actor"
15677,3925,4022,"actor"
15678,3925,7782,"director"
15679,3926,2065,"actor"
15680,3926,4737,"director"
15681,3926,5192,"actor"
15682,3926,7055,"actor"
15683,3927,1562,"actor"
15684,3927,4984,"actor"
15685,3927,5847,"director"
15686,3927,6965,"actor"
15687,3928,1247,"actor"
15688,3928,6047,"actor"
15689,3928,7371,"actor"
15690,3928,7424,"director"
15691,3929,1891,"actor"
15692,3929,2067,"actor"
15693,3929,5756,"director"
15694,3929,6694,"actor"
15695,3930,191,"director"
15696,3930,1365,"actor"
15697,3930,4268,"actor"
15698,3930,5389,"actor"
15699,3931,1826,"director"
15700,3931,4305,"actor"
15701,3931,6448,"actor"
15702,3931,8358,"actor"
15703,3932,608,"actor"
15704,3932,1400,"actor"
15705,3932,4792,"actor"
15706,3932,6437,"director"
15707,3933,3452,"actor"
15708,3933,6276,"director"
15709,3933,6482,"actor"
15710,3933,8296,"actor"
15711,3934,3452,"actor"
15712,3934,6276,"director"
15713,3934,6482,"actor"
15714,3934,8296,"actor"
15715,3935,1382,"actor"
15716,3935,1563,"director"
15717,3935,2454,"actor"
15718,3935,7668,"actor"
15719,3936,896,"director"
15720,3936,2793,"actor"
15721,3936,7470,"actor"
15722,3936,7768,"actor"
15723,3937,320,"actor"
15724,3937,477,"actor"
15725,3937,1820,"director"
15726,3937,3286,"actor"
15727,3938,4664,"actor"
15728,3938,5037,"actor"
15729,3938,5419,"actor"
15730,3938,7432,"director"
15731,3939,3605,"actor"
15732,3939,4112,"actor"
15733,3939,5990,"actor"
15734,3939,8329,"director"
15735,3940,1038,"actor"
15736,3940,2025,"actor"
15737,3940,5803,"actor"
15738,3940,6822,"director"
15739,3941,3008,"actor"
15740,3941,3670,"actor"
15741,3941,4692,"actor"
15742,3941,4736,"director"
15743,3942,554,"actor"
15744,3942,3393,"actor"
15745,3942,3407,"director"
15746,3942,5889,"actor"
15747,3943,1172,"actor"
15748,3943,1965,"director"
15749,3943,2257,"actor"
15750,3943,7096,"actor"
15751,3944,2879,"actor"
15752,3944,2919,"actor"
15753,3944,5975,"director"
15754,3944,8065,"actor"
15755,3945,611,"actor"
15756,3945,1184,"actor"
15757,3945,5258,"actor"
15758,3945,7782,"director"
15759,3946,784,"actor"
15760,3946,812,"actor"
15761,3946,1238,"director"
15762,3946,5548,"actor"
15763,3947,3258,"actor"
15764,3947,4161,"director"
15765,3947,6079,"actor"
15766,3947,7760,"actor"
15767,3948,127,"actor"
15768,3948,3969,"actor"
15769,3948,5540,"director"
15770,3948,8127,"actor"
15771,3949,2230,"actor"
15772,3949,3403,"actor"
15773,3949,6394,"actor"
15774,3949,8023,"director"
15775,3950,1020,"actor"
15776,3950,4062,"director"
15777,3950,6625,"actor"
15778,3950,6974,"actor"
15779,3951,4030,"director"
15780,3951,5377,"actor"
15781,3951,6509,"actor"
15782,3951,6519,"actor"
15783,3952,1568,"actor"
15784,3952,3652,"actor"
15785,3952,6672,"actor"
15786,3952,7713,"director"
15787,3953,1220,"actor"
15788,3953,2595,"director"
15789,3953,6562,"actor"
15790,3953,7031,"actor"
15791,3954,685,"actor"
15792,3954,915,"actor"
15793,3954,1911,"director"
15794,3954,7860,"actor"
15795,3955,2008,"actor"
15796,3955,4653,"actor"
15797,3955,4798,"actor"
15798,3955,4798,"director"
15799,3956,1852,"director"
15800,3956,3525,"actor"
15801,3956,5470,"actor"
15802,3956,7494,"actor"
15803,3957,52,"actor"
15804,3957,2739,"director"
15805,3957,4050,"actor"
15806,3957,7492,"actor"
15807,3958,2818,"actor"
15808,3958,3622,"actor"
15809,3958,5218,"director"
15810,3958,5993,"actor"
15811,3959,2170,"actor"
15812,3959,4152,"actor"
15813,3959,6295,"actor"
15814,3959,7511,"director"
15815,3960,2253,"actor"
15816,3960,4066,"actor"
15817,3960,4892,"director"
15818,3960,6366,"actor"
15819,3961,891,"actor"
15820,3961,2505,"actor"
15821,3961,6943,"director"
15822,3961,7008,"actor"
15823,3962,4388,"actor"
15824,3962,7241,"actor"
15825,3962,8095,"actor"
15826,3962,8311,"director"
15827,3963,1426,"director"
15828,3963,1910,"actor"
15829,3963,6766,"actor"
15830,3963,7870,"actor"
15831,3964,1426,"director"
15832,3964,1910,"actor"
15833,3964,6766,"actor"
15834,3964,7870,"actor"
15835,3965,410,"director"
15836,3965,1790,"actor"
15837,3965,6414,"actor"
15838,3965,7069,"actor"
15839,3966,909,"director"
15840,3966,2197,"actor"
15841,3966,4157,"actor"
15842,3966,4625,"actor"
15843,3967,2092,"actor"
15844,3967,3646,"actor"
15845,3967,3683,"actor"
15846,3967,7848,"director"
15847,3968,507,"actor"
15848,3968,593,"actor"
15849,3968,1664,"director"
15850,3968,4824,"actor"
15851,3969,591,"director"
15852,3969,606,"actor"
15853,3969,4025,"actor"
15854,3969,5747,"actor"
15855,3970,392,"director"
15856,3970,709,"actor"
15857,3970,910,"actor"
15858,3970,7055,"actor"
15859,3971,493,"actor"
15860,3971,2240,"actor"
15861,3971,3112,"actor"
15862,3971,7889,"director"
15863,3972,430,"director"
15864,3972,6473,"actor"
15865,3972,7572,"actor"
15866,3972,7616,"actor"
15867,3973,1046,"actor"
15868,3973,2951,"actor"
15869,3973,4135,"actor"
15870,3973,7540,"director"
15871,3974,3259,"actor"
15872,3974,3364,"director"
15873,3974,4134,"actor"
15874,3974,8137,"actor"
15875,3975,275,"actor"
15876,3975,4851,"actor"
15877,3975,4880,"director"
15878,3975,5997,"actor"
15879,3976,1053,"actor"
15880,3976,4135,"actor"
15881,3976,6596,"director"
15882,3976,7971,"actor"
15883,3977,1201,"actor"
15884,3977,2393,"director"
15885,3977,3276,"actor"
15886,3977,5266,"actor"
15887,3978,3871,"actor"
15888,3978,6882,"actor"
15889,3978,7860,"actor"
15890,3978,8023,"director"
15891,3979,205,"actor"
15892,3979,1218,"actor"
15893,3979,5365,"actor"
15894,3979,7539,"director"
15895,3980,585,"director"
15896,3980,3209,"actor"
15897,3980,5079,"actor"
15898,3980,6760,"actor"
15899,3981,321,"actor"
15900,3981,2581,"director"
15901,3981,4833,"actor"
15902,3981,5996,"actor"
15903,3982,671,"director"
15904,3982,5610,"actor"
15905,3982,5951,"actor"
15906,3982,8230,"actor"
15907,3983,623,"director"
15908,3983,1910,"actor"
15909,3983,4934,"actor"
15910,3983,6062,"actor"
15911,3984,1758,"actor"
15912,3984,4219,"actor"
15913,3984,5850,"actor"
15914,3984,7661,"director"
15915,3985,797,"actor"
15916,3985,848,"actor"
15917,3985,1053,"actor"
15918,3985,8206,"director"
15919,3986,3574,"director"
15920,3986,5365,"actor"
15921,3986,7055,"actor"
15922,3986,8016,"actor"
15923,3987,831,"actor"
15924,3987,1358,"director"
15925,3987,4619,"actor"
15926,3987,6464,"actor"
15927,3988,3645,"actor"
15928,3988,6020,"director"
15929,3988,6048,"actor"
15930,3988,6092,"actor"
15931,3989,4599,"actor"
15932,3989,4621,"actor"
15933,3989,8120,"actor"
15934,3989,8179,"director"
15935,3990,1968,"actor"
15936,3990,2550,"actor"
15937,3990,4236,"director"
15938,3990,6145,"actor"
15939,3991,860,"actor"
15940,3991,3633,"actor"
15941,3991,7012,"director"
15942,3991,8137,"actor"
15943,3992,267,"actor"
15944,3992,951,"actor"
15945,3992,3052,"director"
15946,3992,5344,"actor"
15947,3993,477,"actor"
15948,3993,1319,"director"
15949,3993,2278,"actor"
15950,3993,4607,"actor"
15951,3994,422,"director"
15952,3994,639,"actor"
15953,3994,2727,"actor"
15954,3994,7878,"actor"
15955,3995,477,"actor"
15956,3995,712,"actor"
15957,3995,2961,"actor"
15958,3995,3473,"director"
15959,3996,2022,"actor"
15960,3996,2667,"director"
15961,3996,2798,"actor"
15962,3996,4208,"actor"
15963,3997,19,"actor"
15964,3997,1690,"actor"
15965,3997,1879,"director"
15966,3997,4135,"actor"
15967,3998,1955,"actor"
15968,3998,4587,"actor"
15969,3998,5966,"director"
15970,3998,6029,"actor"
15971,3999,1258,"actor"
15972,3999,5528,"actor"
15973,3999,6697,"director"
15974,3999,7191,"actor"
15975,4000,2939,"director"
15976,4000,2951,"actor"
15977,4000,5317,"actor"
15978,4000,7719,"actor"
15979,4001,2192,"director"
15980,4001,5006,"actor"
15981,4001,6246,"actor"
15982,4001,7308,"actor"
15983,4002,1596,"actor"
15984,4002,6764,"actor"
15985,4002,6847,"director"
15986,4002,7838,"actor"
15987,4003,512,"director"
15988,4003,1910,"actor"
15989,4003,5844,"actor"
15990,4003,7998,"actor"
15991,4004,824,"actor"
15992,4004,895,"actor"
15993,4004,5712,"actor"
15994,4004,6233,"director"
15995,4005,1263,"actor"
15996,4005,2264,"director"
15997,4005,3015,"actor"
15998,4005,6953,"actor"
15999,4006,3112,"actor"
16000,4006,4300,"actor"
16001,4006,4550,"actor"
16002,4006,6339,"director"
16003,4007,353,"actor"
16004,4007,2604,"actor"
16005,4007,3294,"director"
16006,4007,4174,"actor"
16007,4008,54,"director"
16008,4008,1205,"actor"
16009,4008,3362,"actor"
16010,4008,7253,"actor"
16011,4009,1536,"director"
16012,4009,4234,"actor"
16013,4009,6905,"actor"
16014,4009,7749,"actor"
16015,4010,847,"director"
16016,4010,3482,"actor"
16017,4010,6562,"actor"
16018,4010,6778,"actor"
16019,4011,1700,"director"
16020,4011,2025,"actor"
16021,4011,6996,"actor"
16022,4011,7055,"actor"
16023,4012,1529,"director"
16024,4012,3567,"actor"
16025,4012,5192,"actor"
16026,4012,5283,"actor"
16027,4013,3811,"actor"
16028,4013,3959,"actor"
16029,4013,4233,"actor"
16030,4013,7756,"director"
16031,4014,2001,"actor"
16032,4014,2713,"actor"
16033,4014,6037,"director"
16034,4014,7291,"actor"
16035,4015,4925,"director"
16036,4015,5203,"actor"
16037,4015,6728,"actor"
16038,4015,7494,"actor"
16039,4016,20,"actor"
16040,4016,2655,"actor"
16041,4016,5261,"director"
16042,4016,5610,"actor"
16043,4017,150,"actor"
16044,4017,1703,"actor"
16045,4017,1704,"director"
16046,4017,2300,"actor"
16047,4018,1573,"actor"
16048,4018,5090,"director"
16049,4018,5597,"actor"
16050,4018,5841,"actor"
16051,4019,1973,"actor"
16052,4019,5253,"actor"
16053,4019,5544,"director"
16054,4019,6468,"actor"
16055,4020,915,"actor"
16056,4020,1904,"director"
16057,4020,3622,"actor"
16058,4020,6764,"actor"
16059,4021,1734,"actor"
16060,4021,3377,"actor"
16061,4021,7151,"director"
16062,4021,8115,"actor"
16063,4022,165,"actor"
16064,4022,3040,"actor"
16065,4022,6915,"actor"
16066,4022,7049,"director"
16067,4023,165,"actor"
16068,4023,3040,"actor"
16069,4023,6915,"actor"
16070,4023,7049,"director"
16071,4024,4064,"director"
16072,4024,5331,"actor"
16073,4024,5990,"actor"
16074,4024,7016,"actor"
16075,4025,2441,"actor"
16076,4025,3199,"actor"
16077,4025,8156,"director"
16078,4025,8199,"actor"
16079,4026,1334,"actor"
16080,4026,4621,"actor"
16081,4026,6962,"director"
16082,4026,7037,"actor"
16083,4027,1839,"director"
16084,4027,5382,"actor"
16085,4027,7257,"actor"
16086,4027,7778,"actor"
16087,4028,1610,"actor"
16088,4028,5680,"actor"
16089,4028,6062,"actor"
16090,4028,7026,"director"
16091,4029,2985,"director"
16092,4029,3028,"actor"
16093,4029,3338,"actor"
16094,4029,6459,"actor"
16095,4030,5739,"actor"
16096,4030,6989,"actor"
16097,4030,7173,"director"
16098,4030,7446,"actor"
16099,4031,1548,"director"
16100,4031,3599,"actor"
16101,4031,6332,"actor"
16102,4031,7920,"actor"
16103,4032,5220,"actor"
16104,4032,5941,"actor"
16105,4032,7071,"actor"
16106,4032,7362,"director"
16107,4033,4380,"actor"
16108,4033,4872,"actor"
16109,4033,6226,"actor"
16110,4033,7366,"director"
16111,4034,199,"actor"
16112,4034,1718,"director"
16113,4034,4504,"actor"
16114,4034,4771,"actor"
16115,4035,1627,"actor"
16116,4035,4832,"actor"
16117,4035,5003,"actor"
16118,4035,6052,"director"
16119,4036,5710,"actor"
16120,4036,7234,"actor"
16121,4036,7234,"director"
16122,4036,7906,"actor"
16123,4037,52,"actor"
16124,4037,4762,"actor"
16125,4037,7184,"director"
16126,4037,8224,"actor"
16127,4038,543,"actor"
16128,4038,3065,"actor"
16129,4038,4173,"director"
16130,4038,7599,"actor"
16131,4039,397,"actor"
16132,4039,1363,"actor"
16133,4039,2366,"actor"
16134,4039,5103,"director"
16135,4040,4232,"actor"
16136,4040,6683,"actor"
16137,4040,7811,"actor"
16138,4040,7850,"director"
16139,4041,1334,"actor"
16140,4041,4181,"director"
16141,4041,6765,"actor"
16142,4041,7142,"actor"
16143,4042,1334,"actor"
16144,4042,4181,"director"
16145,4042,6765,"actor"
16146,4042,7142,"actor"
16147,4043,3651,"actor"
16148,4043,7157,"actor"
16149,4043,7409,"actor"
16150,4043,7947,"director"
16151,4044,249,"actor"
16152,4044,3235,"actor"
16153,4044,5485,"actor"
16154,4044,6491,"director"
16155,4045,919,"actor"
16156,4045,1334,"actor"
16157,4045,2179,"director"
16158,4045,4617,"actor"
16159,4046,3510,"director"
16160,4046,4362,"actor"
16161,4046,7761,"actor"
16162,4046,8222,"actor"
16163,4047,1053,"actor"
16164,4047,3046,"actor"
16165,4047,5030,"director"
16166,4047,6078,"actor"
16167,4048,1719,"actor"
16168,4048,3863,"actor"
16169,4048,4756,"actor"
16170,4048,5119,"director"
16171,4049,1371,"actor"
16172,4049,1430,"director"
16173,4049,4135,"actor"
16174,4049,7886,"actor"
16175,4050,984,"actor"
16176,4050,1486,"actor"
16177,4050,2527,"actor"
16178,4050,8242,"director"
16179,4051,19,"actor"
16180,4051,3089,"actor"
16181,4051,4684,"director"
16182,4051,7140,"actor"
16183,4052,1053,"actor"
16184,4052,3482,"actor"
16185,4052,7362,"director"
16186,4052,7605,"actor"
16187,4053,268,"actor"
16188,4053,1914,"actor"
16189,4053,3252,"actor"
16190,4053,5912,"director"
16191,4054,399,"director"
16192,4054,1011,"actor"
16193,4054,5983,"actor"
16194,4054,7211,"actor"
16195,4055,322,"actor"
16196,4055,2183,"director"
16197,4055,8307,"actor"
16198,4055,8344,"actor"
16199,4056,4347,"actor"
16200,4056,4521,"actor"
16201,4056,6186,"director"
16202,4056,6237,"actor"
16203,4057,491,"director"
16204,4057,4212,"actor"
16205,4057,5735,"actor"
16206,4057,7911,"actor"
16207,4058,34,"actor"
16208,4058,101,"actor"
16209,4058,3370,"actor"
16210,4058,6316,"director"
16211,4059,522,"actor"
16212,4059,2708,"director"
16213,4059,3622,"actor"
16214,4059,4157,"actor"
16215,4060,231,"actor"
16216,4060,2962,"actor"
16217,4060,7748,"actor"
16218,4060,7765,"director"
16219,4061,565,"director"
16220,4061,1328,"actor"
16221,4061,3338,"actor"
16222,4061,6763,"actor"
16223,4062,2796,"actor"
16224,4062,3210,"director"
16225,4062,5818,"actor"
16226,4062,6011,"actor"
16227,4063,1368,"actor"
16228,4063,1478,"actor"
16229,4063,2531,"director"
16230,4063,5082,"actor"
16231,4064,1988,"actor"
16232,4064,5490,"actor"
16233,4064,6742,"director"
16234,4064,7337,"actor"
16235,4065,843,"actor"
16236,4065,3509,"actor"
16237,4065,6704,"actor"
16238,4065,7161,"director"
16239,4066,1727,"actor"
16240,4066,6690,"actor"
16241,4066,7003,"actor"
16242,4066,7003,"director"
16243,4067,1036,"actor"
16244,4067,3590,"actor"
16245,4067,5687,"actor"
16246,4067,6230,"director"
16247,4068,1541,"actor"
16248,4068,3613,"actor"
16249,4068,6017,"actor"
16250,4068,6310,"director"
16251,4069,1274,"actor"
16252,4069,2680,"actor"
16253,4069,5355,"director"
16254,4069,7930,"actor"
16255,4070,2904,"actor"
16256,4070,5179,"director"
16257,4070,5651,"actor"
16258,4070,7927,"actor"
16259,4071,2497,"actor"
16260,4071,4351,"actor"
16261,4071,4914,"actor"
16262,4071,7450,"director"
16263,4072,966,"actor"
16264,4072,6325,"director"
16265,4072,6974,"actor"
16266,4072,7031,"actor"
16267,4073,447,"actor"
16268,4073,709,"actor"
16269,4073,2031,"director"
16270,4073,6988,"actor"
16271,4074,4655,"actor"
16272,4074,5045,"actor"
16273,4074,5839,"actor"
16274,4074,6023,"director"
16275,4075,4655,"actor"
16276,4075,5045,"actor"
16277,4075,5839,"actor"
16278,4075,6023,"director"
16279,4076,1804,"actor"
16280,4076,3366,"director"
16281,4076,4524,"actor"
16282,4076,6095,"actor"
16283,4077,30,"actor"
16284,4077,708,"director"
16285,4077,6591,"actor"
16286,4077,8158,"actor"
16287,4078,139,"actor"
16288,4078,3015,"actor"
16289,4078,5926,"director"
16290,4078,6536,"actor"
16291,4079,878,"director"
16292,4079,4350,"actor"
16293,4079,4686,"actor"
16294,4079,7192,"actor"
16295,4080,783,"director"
16296,4080,4621,"actor"
16297,4080,6796,"actor"
16298,4080,7676,"actor"
16299,4081,783,"director"
16300,4081,4621,"actor"
16301,4081,6796,"actor"
16302,4081,7676,"actor"
16303,4082,1218,"actor"
16304,4082,2080,"actor"
16305,4082,4967,"actor"
16306,4082,5611,"director"
16307,4083,116,"director"
16308,4083,5897,"actor"
16309,4083,6927,"actor"
16310,4083,8224,"actor"
16311,4084,116,"director"
16312,4084,5897,"actor"
16313,4084,6927,"actor"
16314,4084,8224,"actor"
16315,4085,1714,"actor"
16316,4085,3389,"director"
16317,4085,3705,"actor"
16318,4085,6850,"actor"
16319,4086,915,"actor"
16320,4086,986,"director"
16321,4086,3218,"actor"
16322,4086,6047,"actor"
16323,4087,1079,"director"
16324,4087,2274,"actor"
16325,4087,5360,"actor"
16326,4087,6816,"actor"
16327,4088,1317,"actor"
16328,4088,6565,"actor"
16329,4088,6881,"actor"
16330,4088,7809,"director"
16331,4089,1267,"actor"
16332,4089,4196,"director"
16333,4089,5034,"actor"
16334,4089,5380,"actor"
16335,4090,26,"actor"
16336,4090,5408,"director"
16337,4090,7886,"actor"
16338,4090,8185,"actor"
16339,4091,868,"actor"
16340,4091,5533,"actor"
16341,4091,7793,"director"
16342,4091,8238,"actor"
16343,4092,184,"actor"
16344,4092,4207,"actor"
16345,4092,6072,"actor"
16346,4092,8297,"director"
16347,4093,1424,"director"
16348,4093,3884,"actor"
16349,4093,5727,"actor"
16350,4093,7995,"actor"
16351,4094,859,"actor"
16352,4094,1500,"actor"
16353,4094,2220,"actor"
16354,4094,6784,"director"
16355,4095,224,"actor"
16356,4095,1906,"actor"
16357,4095,3606,"actor"
16358,4095,6774,"director"
16359,4096,5084,"director"
16360,4096,7089,"actor"
16361,4096,7474,"actor"
16362,4096,7738,"actor"
16363,4097,336,"director"
16364,4097,3201,"actor"
16365,4097,4274,"actor"
16366,4097,7677,"actor"
16367,4098,147,"actor"
16368,4098,1468,"director"
16369,4098,7679,"actor"
16370,4098,8212,"actor"
16371,4099,1940,"director"
16372,4099,3827,"actor"
16373,4099,4280,"actor"
16374,4099,4714,"actor"
16375,4100,477,"actor"
16376,4100,2022,"actor"
16377,4100,4593,"director"
16378,4100,7758,"actor"
16379,4101,134,"actor"
16380,4101,4335,"actor"
16381,4101,5251,"actor"
16382,4101,6122,"director"
16383,4102,1695,"director"
16384,4102,1759,"actor"
16385,4102,3079,"actor"
16386,4102,6930,"actor"
16387,4103,2247,"actor"
16388,4103,4084,"director"
16389,4103,4832,"actor"
16390,4103,4847,"actor"
16391,4104,3235,"actor"
16392,4104,3827,"actor"
16393,4104,6605,"director"
16394,4104,7121,"actor"
16395,4105,4790,"actor"
16396,4105,6008,"actor"
16397,4105,6369,"actor"
16398,4105,8195,"director"
16399,4106,2989,"actor"
16400,4106,3608,"actor"
16401,4106,4374,"director"
16402,4106,6113,"actor"
16403,4107,6440,"actor"
16404,4107,7144,"actor"
16405,4107,7512,"director"
16406,4107,7659,"actor"
16407,4108,885,"actor"
16408,4108,6439,"actor"
16409,4108,6945,"actor"
16410,4108,7925,"director"
16411,4109,642,"director"
16412,4109,2025,"actor"
16413,4109,2633,"actor"
16414,4109,6145,"actor"
16415,4110,4937,"actor"
16416,4110,5468,"actor"
16417,4110,5779,"director"
16418,4110,7312,"actor"
16419,4111,4051,"director"
16420,4111,4179,"actor"
16421,4111,4268,"actor"
16422,4111,7125,"actor"
16423,4112,598,"actor"
16424,4112,1593,"director"
16425,4112,2646,"actor"
16426,4112,6038,"actor"
16427,4113,980,"director"
16428,4113,1427,"actor"
16429,4113,2993,"actor"
16430,4113,5945,"actor"
16431,4114,1113,"director"
16432,4114,1157,"actor"
16433,4114,3772,"actor"
16434,4114,4405,"actor"
16435,4115,1053,"actor"
16436,4115,1517,"actor"
16437,4115,3977,"director"
16438,4115,5413,"actor"
16439,4116,159,"actor"
16440,4116,2454,"actor"
16441,4116,3212,"actor"
16442,4116,5613,"director"
16443,4117,263,"actor"
16444,4117,4695,"actor"
16445,4117,7777,"actor"
16446,4117,8023,"director"
16447,4118,730,"director"
16448,4118,1832,"actor"
16449,4118,2474,"actor"
16450,4118,5406,"actor"
16451,4119,4041,"actor"
16452,4119,4387,"actor"
16453,4119,4422,"actor"
16454,4119,5071,"director"
16455,4120,4718,"actor"
16456,4120,6422,"actor"
16457,4120,6575,"actor"
16458,4120,6575,"director"
16459,4121,4861,"actor"
16460,4121,6627,"director"
16461,4121,7888,"actor"
16462,4121,7890,"actor"
16463,4122,1414,"actor"
16464,4122,6236,"director"
16465,4122,7130,"actor"
16466,4122,7824,"actor"
16467,4123,492,"director"
16468,4123,709,"actor"
16469,4123,5818,"actor"
16470,4123,6835,"actor"
16471,4124,2857,"actor"
16472,4124,5027,"director"
16473,4124,8230,"actor"
16474,4124,8387,"actor"
16475,4125,1457,"actor"
16476,4125,2444,"actor"
16477,4125,5841,"actor"
16478,4125,6613,"director"
16479,4126,1612,"actor"
16480,4126,6311,"actor"
16481,4126,6372,"director"
16482,4126,7028,"actor"
16483,4127,3213,"director"
16484,4127,6802,"actor"
16485,4128,1018,"actor"
16486,4128,5356,"actor"
16487,4128,7296,"actor"
16488,4128,8395,"director"
16489,4129,915,"actor"
16490,4129,1371,"actor"
16491,4129,1904,"director"
16492,4129,3622,"actor"
16493,4130,47,"director"
16494,4130,2993,"actor"
16495,4130,7494,"actor"
16496,4130,8222,"actor"
16497,4131,521,"actor"
16498,4131,521,"director"
16499,4131,4164,"actor"
16500,4131,7884,"actor"
16501,4132,1971,"director"
16502,4132,3682,"actor"
16503,4132,4398,"actor"
16504,4132,4877,"actor"
16505,4133,722,"actor"
16506,4133,4012,"director"
16507,4133,4219,"actor"
16508,4133,5470,"actor"
16509,4134,2791,"actor"
16510,4134,2887,"actor"
16511,4134,3258,"actor"
16512,4134,3578,"director"
16513,4135,755,"actor"
16514,4135,3446,"director"
16515,4135,6128,"actor"
16516,4135,6376,"actor"
16517,4136,895,"actor"
16518,4136,1392,"actor"
16519,4136,1847,"director"
16520,4136,2090,"actor"
16521,4137,834,"director"
16522,4137,4382,"actor"
16523,4137,5572,"actor"
16524,4137,5770,"actor"
16525,4138,767,"actor"
16526,4138,2077,"actor"
16527,4138,2078,"actor"
16528,4138,7293,"director"
16529,4139,2923,"actor"
16530,4139,3507,"director"
16531,4139,5220,"actor"
16532,4139,5527,"actor"
16533,4140,738,"director"
16534,4140,1085,"actor"
16535,4140,1317,"actor"
16536,4140,4738,"actor"
16537,4141,169,"actor"
16538,4141,6428,"actor"
16539,4141,6648,"director"
16540,4141,8392,"actor"
16541,4142,560,"actor"
16542,4142,607,"actor"
16543,4142,6652,"director"
16544,4142,7183,"actor"
16545,4143,3320,"actor"
16546,4143,3893,"director"
16547,4143,4311,"actor"
16548,4143,5275,"actor"
16549,4144,1311,"actor"
16550,4144,1799,"director"
16551,4145,3617,"actor"
16552,4145,4331,"director"
16553,4145,5279,"actor"
16554,4145,8157,"actor"
16555,4146,814,"actor"
16556,4146,2929,"director"
16557,4146,4838,"actor"
16558,4146,5710,"actor"
16559,4147,391,"actor"
16560,4147,1255,"actor"
16561,4147,7028,"actor"
16562,4147,8297,"director"
16563,4148,335,"actor"
16564,4148,2048,"actor"
16565,4148,2488,"actor"
16566,4148,3653,"director"
16567,4149,281,"director"
16568,4149,292,"actor"
16569,4149,3377,"actor"
16570,4149,5488,"actor"
16571,4150,70,"actor"
16572,4150,548,"actor"
16573,4150,3034,"actor"
16574,4150,4117,"director"
16575,4151,1344,"actor"
16576,4151,5502,"actor"
16577,4151,6202,"director"
16578,4151,7885,"actor"
16579,4152,1308,"actor"
16580,4152,4208,"actor"
16581,4152,4578,"director"
16582,4152,6418,"actor"
16583,4153,1308,"actor"
16584,4153,4208,"actor"
16585,4153,4578,"director"
16586,4153,6418,"actor"
16587,4154,1006,"actor"
16588,4154,2211,"director"
16589,4154,2299,"actor"
16590,4154,2461,"actor"
16591,4155,380,"actor"
16592,4155,4115,"actor"
16593,4155,6472,"director"
16594,4155,8266,"actor"
16595,4156,1514,"director"
16596,4156,4550,"actor"
16597,4156,5452,"actor"
16598,4156,8224,"actor"
16599,4157,713,"actor"
16600,4157,902,"director"
16601,4157,2856,"actor"
16602,4157,7569,"actor"
16603,4158,2010,"actor"
16604,4158,3538,"director"
16605,4158,3613,"actor"
16606,4158,5365,"actor"
16607,4159,2097,"actor"
16608,4159,3185,"actor"
16609,4159,3307,"actor"
16610,4159,5956,"director"
16611,4160,881,"actor"
16612,4160,3245,"actor"
16613,4160,4462,"director"
16614,4160,5354,"actor"
16615,4161,5728,"actor"
16616,4161,6401,"director"
16617,4161,7494,"actor"
16618,4161,7497,"actor"
16619,4162,5225,"actor"
16620,4162,6632,"actor"
16621,4162,6640,"actor"
16622,4162,6668,"director"
16623,4163,4135,"actor"
16624,4163,4135,"director"
16625,4163,7142,"actor"
16626,4163,7942,"actor"
16627,4164,477,"actor"
16628,4164,3839,"director"
16629,4164,6047,"actor"
16630,4164,7769,"actor"
16631,4165,4620,"actor"
16632,4165,7592,"actor"
16633,4165,7980,"actor"
16634,4165,7980,"director"
16635,4166,1463,"actor"
16636,4166,3116,"actor"
16637,4166,4017,"actor"
16638,4166,6162,"director"
16639,4167,250,"actor"
16640,4167,5317,"actor"
16641,4167,5876,"director"
16642,4167,7266,"actor"
16643,4168,546,"actor"
16644,4168,2720,"director"
16645,4168,2993,"actor"
16646,4168,5754,"actor"
16647,4169,704,"actor"
16648,4169,1429,"actor"
16649,4169,5627,"actor"
16650,4169,5948,"director"
16651,4170,1825,"actor"
16652,4170,3476,"actor"
16653,4170,5990,"actor"
16654,4170,8329,"director"
16655,4171,1360,"director"
16656,4171,2364,"actor"
16657,4171,4157,"actor"
16658,4171,8000,"actor"
16659,4172,947,"actor"
16660,4172,1086,"director"
16661,4172,4088,"actor"
16662,4172,6222,"actor"
16663,4173,341,"actor"
16664,4173,4745,"actor"
16665,4173,6507,"director"
16666,4173,7993,"actor"
16667,4174,1,"actor"
16668,4174,5321,"actor"
16669,4174,5662,"director"
16670,4174,7605,"actor"
16671,4175,2305,"actor"
16672,4175,2322,"actor"
16673,4175,2515,"director"
16674,4175,4941,"actor"
16675,4176,769,"actor"
16676,4176,6099,"director"
16677,4176,6102,"actor"
16678,4176,7331,"actor"
16679,4177,157,"director"
16680,4177,424,"actor"
16681,4177,5624,"actor"
16682,4177,7706,"actor"
16683,4178,343,"actor"
16684,4178,1124,"actor"
16685,4178,1666,"actor"
16686,4178,3766,"director"
16687,4179,1318,"director"
16688,4179,4152,"actor"
16689,4179,4896,"actor"
16690,4179,5385,"actor"
16691,4180,94,"actor"
16692,4180,558,"actor"
16693,4180,5454,"actor"
16694,4180,6984,"director"
16695,4181,1218,"actor"
16696,4181,2197,"actor"
16697,4181,2329,"actor"
16698,4181,4052,"director"
16699,4182,928,"actor"
16700,4182,6944,"director"
16701,4182,6988,"actor"
16702,4182,8161,"actor"
16703,4183,1049,"actor"
16704,4183,1580,"director"
16705,4183,6199,"actor"
16706,4183,6545,"actor"
16707,4184,522,"actor"
16708,4184,905,"director"
16709,4184,5617,"actor"
16710,4184,7289,"actor"
16711,4185,243,"director"
16712,4185,349,"actor"
16713,4185,678,"actor"
16714,4185,6361,"actor"
16715,4186,3372,"director"
16716,4186,4289,"actor"
16717,4186,5225,"actor"
16718,4186,7402,"actor"
16719,4187,52,"actor"
16720,4187,2016,"director"
16721,4187,4050,"actor"
16722,4187,7492,"actor"
16723,4188,6076,"actor"
16724,4188,6343,"director"
16725,4188,6764,"actor"
16726,4188,7605,"actor"
16727,4189,2185,"director"
16728,4189,4675,"actor"
16729,4189,4912,"actor"
16730,4189,5757,"actor"
16731,4190,2037,"actor"
16732,4190,3162,"actor"
16733,4190,3651,"actor"
16734,4190,7929,"director"
16735,4191,182,"director"
16736,4191,4793,"actor"
16737,4191,8047,"actor"
16738,4191,8342,"actor"
16739,4192,3007,"actor"
16740,4192,7318,"director"
16741,4192,7333,"actor"
16742,4192,8331,"actor"
16743,4193,310,"director"
16744,4193,376,"actor"
16745,4193,2663,"actor"
16746,4193,4480,"actor"
16747,4194,984,"actor"
16748,4194,5329,"actor"
16749,4194,7142,"actor"
16750,4194,7403,"director"
16751,4195,1654,"director"
16752,4195,5916,"actor"
16753,4195,6112,"actor"
16754,4195,6889,"actor"
16755,4196,1827,"director"
16756,4196,2182,"actor"
16757,4196,7153,"actor"
16758,4196,8152,"actor"
16759,4197,2601,"actor"
16760,4197,2698,"director"
16761,4197,3338,"actor"
16762,4197,3482,"actor"
16763,4198,81,"actor"
16764,4198,82,"actor"
16765,4198,3789,"actor"
16766,4198,6249,"director"
16767,4199,2417,"actor"
16768,4199,4038,"actor"
16769,4199,7233,"director"
16770,4199,7611,"actor"
16771,4200,4409,"actor"
16772,4200,5898,"actor"
16773,4200,7878,"actor"
16774,4200,8159,"director"
16775,4201,199,"actor"
16776,4201,2460,"director"
16777,4201,4282,"actor"
16778,4201,5391,"actor"
16779,4202,650,"actor"
16780,4202,3388,"director"
16781,4202,4761,"actor"
16782,4202,4850,"actor"
16783,4203,2471,"actor"
16784,4203,2471,"director"
16785,4203,3120,"actor"
16786,4203,3700,"actor"
16787,4204,2110,"actor"
16788,4204,4038,"actor"
16789,4204,6765,"actor"
16790,4204,7249,"director"
16791,4205,1062,"director"
16792,4205,2237,"actor"
16793,4205,2493,"actor"
16794,4205,6485,"actor"
16795,4206,1858,"director"
16796,4206,5941,"actor"
16797,4206,6907,"actor"
16798,4206,8016,"actor"
16799,4207,1686,"actor"
16800,4207,1873,"actor"
16801,4207,4658,"actor"
16802,4207,4810,"director"
16803,4208,524,"director"
16804,4208,4832,"actor"
16805,4208,4926,"actor"
16806,4208,7492,"actor"
16807,4209,616,"actor"
16808,4209,1308,"actor"
16809,4209,2129,"actor"
16810,4209,3579,"director"
16811,4210,1025,"actor"
16812,4210,3218,"actor"
16813,4210,3477,"director"
16814,4210,4352,"actor"
16815,4211,4061,"director"
16816,4211,5777,"actor"
16817,4211,6764,"actor"
16818,4211,6881,"actor"
16819,4212,205,"actor"
16820,4212,1910,"actor"
16821,4212,4746,"director"
16822,4212,8066,"actor"
16823,4213,3735,"actor"
16824,4213,4740,"actor"
16825,4213,6034,"actor"
16826,4213,8223,"director"
16827,4214,1321,"actor"
16828,4214,1456,"actor"
16829,4214,1869,"director"
16830,4214,5349,"actor"
16831,4215,1661,"actor"
16832,4215,3665,"actor"
16833,4215,6280,"director"
16834,4215,7153,"actor"
16835,4216,220,"actor"
16836,4216,2001,"actor"
16837,4216,5229,"actor"
16838,4216,6804,"director"
16839,4217,381,"director"
16840,4217,3187,"actor"
16841,4217,3496,"actor"
16842,4217,5416,"actor"
16843,4218,1427,"actor"
16844,4218,3002,"actor"
16845,4218,3046,"actor"
16846,4218,8362,"director"
16847,4219,2507,"actor"
16848,4219,4266,"director"
16849,4219,7722,"actor"
16850,4219,7952,"actor"
16851,4220,3345,"actor"
16852,4220,4697,"actor"
16853,4220,5038,"actor"
16854,4220,5968,"director"
16855,4221,1680,"director"
16856,4221,7192,"actor"
16857,4221,7492,"actor"
16858,4221,8020,"actor"
16859,4222,2302,"director"
16860,4222,3112,"actor"
16861,4222,4352,"actor"
16862,4222,7234,"actor"
16863,4223,1295,"actor"
16864,4223,3620,"actor"
16865,4223,5376,"director"
16866,4223,5609,"actor"
16867,4224,2014,"director"
16868,4224,3233,"actor"
16869,4224,4760,"actor"
16870,4224,6948,"actor"
16871,4225,222,"director"
16872,4225,1034,"actor"
16873,4225,2048,"actor"
16874,4225,8224,"actor"
16875,4226,1541,"actor"
16876,4226,4947,"director"
16877,4226,5553,"actor"
16878,4226,5777,"actor"
16879,4227,895,"actor"
16880,4227,2160,"director"
16881,4227,4372,"actor"
16882,4227,4387,"actor"
16883,4228,4140,"director"
16884,4228,5777,"actor"
16885,4228,7870,"actor"
16886,4228,8385,"actor"
16887,4229,2683,"actor"
16888,4229,3353,"actor"
16889,4229,5684,"director"
16890,4229,6913,"actor"
16891,4230,724,"director"
16892,4230,1259,"actor"
16893,4230,3164,"actor"
16894,4230,7345,"actor"
16895,4231,528,"director"
16896,4231,2798,"actor"
16897,4231,5777,"actor"
16898,4231,6468,"actor"
16899,4232,1274,"actor"
16900,4232,1808,"director"
16901,4232,5597,"actor"
16902,4232,6227,"actor"
16903,4233,3004,"actor"
16904,4233,5781,"director"
16905,4233,5890,"actor"
16906,4233,8375,"actor"
16907,4234,4628,"actor"
16908,4234,5943,"director"
16909,4234,6988,"actor"
16910,4234,8318,"actor"
16911,4235,2350,"actor"
16912,4235,3994,"actor"
16913,4235,4622,"actor"
16914,4235,5111,"director"
16915,4236,441,"actor"
16916,4236,1305,"actor"
16917,4236,1749,"director"
16918,4236,4946,"actor"
16919,4237,1371,"actor"
16920,4237,2005,"actor"
16921,4237,7055,"actor"
16922,4237,7150,"director"
16923,4238,3338,"actor"
16924,4238,5710,"actor"
16925,4238,7052,"director"
16926,4238,7795,"actor"
16927,4239,3338,"actor"
16928,4239,5710,"actor"
16929,4239,7052,"director"
16930,4239,7795,"actor"
16931,4240,1247,"actor"
16932,4240,1497,"actor"
16933,4240,2933,"director"
16934,4240,4690,"actor"
16935,4241,2197,"actor"
16936,4241,4689,"actor"
16937,4241,5487,"director"
16938,4241,5600,"actor"
16939,4242,2811,"director"
16940,4242,3338,"actor"
16941,4242,5823,"actor"
16942,4242,6041,"actor"
16943,4243,1497,"actor"
16944,4243,3482,"actor"
16945,4243,7674,"director"
16946,4243,8200,"actor"
16947,4244,2053,"actor"
16948,4244,7004,"actor"
16949,4244,7826,"director"
16950,4244,8019,"actor"
16951,4245,930,"actor"
16952,4245,4816,"actor"
16953,4245,4914,"actor"
16954,4245,7766,"director"
16955,4246,5123,"actor"
16956,4246,6311,"actor"
16957,4246,7456,"director"
16958,4246,7497,"actor"
16959,4247,1178,"director"
16960,4247,2569,"actor"
16961,4247,3351,"actor"
16962,4247,5233,"actor"
16963,4248,2011,"director"
16964,4248,2206,"actor"
16965,4248,3112,"actor"
16966,4248,3286,"actor"
16967,4249,3558,"actor"
16968,4249,6808,"director"
16969,4249,6996,"actor"
16970,4249,7441,"actor"
16971,4250,3075,"actor"
16972,4250,3075,"director"
16973,4250,4863,"actor"
16974,4250,7319,"actor"
16975,4251,514,"actor"
16976,4251,1053,"actor"
16977,4251,1963,"director"
16978,4251,2684,"actor"
16979,4252,885,"actor"
16980,4252,1939,"director"
16981,4252,5993,"actor"
16982,4252,8122,"actor"
16983,4253,28,"actor"
16984,4253,147,"actor"
16985,4253,2396,"director"
16986,4253,3228,"actor"
16987,4254,903,"director"
16988,4254,1835,"actor"
16989,4254,3937,"actor"
16990,4254,4282,"actor"
16991,4255,230,"actor"
16992,4255,1334,"actor"
16993,4255,6047,"actor"
16994,4255,6890,"director"
16995,4256,1889,"actor"
16996,4256,4700,"director"
16997,4256,5715,"actor"
16998,4256,5981,"actor"
16999,4257,634,"actor"
17000,4257,3956,"director"
17001,4257,6980,"actor"
17002,4257,7885,"actor"
17003,4258,5070,"director"
17004,4258,5177,"actor"
17005,4258,5762,"actor"
17006,4258,7379,"actor"
17007,4259,1218,"actor"
17008,4259,1835,"actor"
17009,4259,4385,"actor"
17010,4259,7539,"director"
17011,4260,1218,"actor"
17012,4260,1835,"actor"
17013,4260,4385,"actor"
17014,4260,7539,"director"
17015,4261,1605,"actor"
17016,4261,1763,"actor"
17017,4261,2406,"actor"
17018,4261,7172,"director"
17019,4262,2197,"actor"
17020,4262,2989,"actor"
17021,4262,5803,"actor"
17022,4262,6597,"director"
17023,4263,2197,"actor"
17024,4263,2989,"actor"
17025,4263,5803,"actor"
17026,4263,6597,"director"
17027,4264,1328,"actor"
17028,4264,2493,"actor"
17029,4264,4100,"director"
17030,4264,4302,"actor"
17031,4265,722,"actor"
17032,4265,1038,"actor"
17033,4265,3216,"director"
17034,4265,5988,"actor"
17035,4266,169,"actor"
17036,4266,1216,"director"
17037,4266,2985,"actor"
17038,4266,5479,"actor"
17039,4267,3321,"director"
17040,4267,4053,"actor"
17041,4267,4158,"actor"
17042,4267,6420,"actor"
17043,4268,2936,"actor"
17044,4268,3960,"director"
17045,4268,4484,"actor"
17046,4268,7276,"actor"
17047,4269,3166,"actor"
17048,4269,4090,"director"
17049,4269,4408,"actor"
17050,4269,6036,"actor"
17051,4270,1484,"director"
17052,4270,4124,"actor"
17053,4270,8080,"actor"
17054,4270,8304,"actor"
17055,4271,2230,"actor"
17056,4271,2989,"actor"
17057,4271,5070,"director"
17058,4271,7082,"actor"
17059,4272,2845,"director"
17060,4272,3760,"actor"
17061,4272,4897,"actor"
17062,4272,7185,"actor"
17063,4273,4284,"director"
17064,4273,6764,"actor"
17065,4273,6834,"actor"
17066,4273,7963,"actor"
17067,4274,992,"director"
17068,4274,2356,"actor"
17069,4274,6850,"actor"
17070,4274,7394,"actor"
17071,4275,298,"director"
17072,4276,900,"director"
17073,4276,5542,"actor"
17074,4276,6877,"actor"
17075,4276,7656,"actor"
17076,4277,2939,"actor"
17077,4277,3326,"actor"
17078,4277,5993,"actor"
17079,4277,6224,"director"
17080,4278,2972,"actor"
17081,4278,4005,"director"
17082,4278,4801,"actor"
17083,4278,7061,"actor"
17084,4279,3019,"actor"
17085,4279,3388,"director"
17086,4279,4838,"actor"
17087,4279,5037,"actor"
17088,4280,910,"actor"
17089,4280,2871,"actor"
17090,4280,5528,"actor"
17091,4280,6697,"director"
17092,4281,2366,"actor"
17093,4281,4591,"director"
17094,4281,5941,"actor"
17095,4281,6996,"actor"
17096,4282,5325,"actor"
17097,4282,5325,"director"
17098,4282,6189,"actor"
17099,4282,7244,"actor"
17100,4283,223,"actor"
17101,4283,3478,"actor"
17102,4283,4218,"actor"
17103,4283,8372,"director"
17104,4284,722,"actor"
17105,4284,783,"director"
17106,4284,3398,"actor"
17107,4284,6286,"actor"
17108,4285,3798,"actor"
17109,4285,5941,"actor"
17110,4285,6468,"actor"
17111,4285,7177,"director"
17112,4286,180,"director"
17113,4286,2285,"actor"
17114,4286,2469,"actor"
17115,4286,4609,"actor"
17116,4287,2334,"actor"
17117,4287,3127,"actor"
17118,4287,4303,"director"
17119,4287,7938,"actor"
17120,4288,6106,"director"
17121,4288,7010,"actor"
17122,4288,7220,"actor"
17123,4288,7931,"actor"
17124,4289,680,"director"
17125,4289,2307,"actor"
17126,4289,4792,"actor"
17127,4289,7488,"actor"
17128,4290,680,"director"
17129,4290,2307,"actor"
17130,4290,4792,"actor"
17131,4290,7488,"actor"
17132,4291,1790,"actor"
17133,4291,2289,"director"
17134,4291,5053,"actor"
17135,4291,6620,"actor"
17136,4292,26,"actor"
17137,4292,906,"actor"
17138,4292,1451,"actor"
17139,4292,7876,"director"
17140,4293,2001,"actor"
17141,4293,5597,"actor"
17142,4293,6195,"director"
17143,4293,8280,"actor"
17144,4294,34,"actor"
17145,4294,101,"actor"
17146,4294,3370,"actor"
17147,4294,6316,"director"
17148,4295,406,"director"
17149,4295,1217,"actor"
17150,4295,3214,"actor"
17151,4295,6462,"actor"
17152,4296,2579,"director"
17153,4296,3622,"actor"
17154,4296,4157,"actor"
17155,4296,7085,"actor"
17156,4297,440,"actor"
17157,4297,1632,"actor"
17158,4297,3342,"director"
17159,4297,3651,"actor"
17160,4298,2123,"director"
17161,4298,6047,"actor"
17162,4298,7492,"actor"
17163,4298,7494,"actor"
17164,4299,3707,"actor"
17165,4299,4152,"actor"
17166,4299,6740,"actor"
17167,4299,7284,"director"
17168,4300,533,"actor"
17169,4300,4190,"actor"
17170,4300,5836,"actor"
17171,4300,7900,"director"
17172,4301,6048,"actor"
17173,4301,6885,"actor"
17174,4301,6942,"director"
17175,4301,7871,"actor"
17176,4302,594,"actor"
17177,4302,2218,"director"
17178,4302,5791,"actor"
17179,4302,7401,"actor"
17180,4303,1387,"actor"
17181,4303,3314,"actor"
17182,4303,3554,"director"
17183,4303,8353,"actor"
17184,4304,2877,"director"
17185,4304,4022,"actor"
17186,4304,6980,"actor"
17187,4304,7915,"actor"
17188,4305,200,"actor"
17189,4305,796,"director"
17190,4305,3434,"actor"
17191,4305,7831,"actor"
17192,4306,4840,"actor"
17193,4306,5856,"actor"
17194,4306,5967,"actor"
17195,4306,6718,"director"
17196,4307,486,"actor"
17197,4307,3889,"actor"
17198,4307,5616,"director"
17199,4307,6240,"actor"
17200,4308,101,"actor"
17201,4308,1193,"actor"
17202,4308,2978,"director"
17203,4308,4544,"actor"
17204,4309,57,"actor"
17205,4309,1344,"actor"
17206,4309,3327,"director"
17207,4309,6594,"actor"
17208,4310,1522,"actor"
17209,4310,3645,"actor"
17210,4310,4094,"director"
17211,4310,7053,"actor"
17212,4311,53,"actor"
17213,4311,67,"actor"
17214,4311,716,"director"
17215,4311,3861,"actor"
17216,4312,3265,"actor"
17217,4312,5812,"actor"
17218,4312,6477,"director"
17219,4312,8064,"actor"
17220,4313,1957,"actor"
17221,4313,3376,"director"
17222,4313,3618,"actor"
17223,4313,7245,"actor"
17224,4314,92,"actor"
17225,4314,96,"actor"
17226,4314,3592,"director"
17227,4314,4547,"actor"
17228,4315,249,"actor"
17229,4315,2131,"actor"
17230,4315,5055,"director"
17231,4315,7169,"actor"
17232,4316,429,"actor"
17233,4316,3829,"actor"
17234,4316,3829,"director"
17235,4316,6400,"actor"
17236,4317,3756,"actor"
17237,4317,4831,"actor"
17238,4317,5822,"director"
17239,4317,7494,"actor"
17240,4318,4038,"actor"
17241,4318,4792,"actor"
17242,4318,5263,"director"
17243,4318,5365,"actor"
17244,4319,3112,"actor"
17245,4319,3360,"director"
17246,4319,6702,"actor"
17247,4319,7654,"actor"
17248,4320,2249,"director"
17249,4320,3491,"actor"
17250,4320,5606,"actor"
17251,4320,7757,"actor"
17252,4321,1091,"actor"
17253,4321,3543,"director"
17254,4321,4207,"actor"
17255,4321,4228,"actor"
17256,4322,1211,"director"
17257,4322,1999,"actor"
17258,4322,3413,"actor"
17259,4322,6192,"actor"
17260,4323,1218,"actor"
17261,4323,2367,"actor"
17262,4323,2481,"director"
17263,4323,3338,"actor"
17264,4324,153,"director"
17265,4324,514,"actor"
17266,4324,1334,"actor"
17267,4324,5830,"actor"
17268,4325,1002,"actor"
17269,4325,3643,"director"
17270,4325,3833,"actor"
17271,4325,4650,"actor"
17272,4326,1741,"director"
17273,4326,6922,"actor"
17274,4326,7402,"actor"
17275,4326,8012,"actor"
17276,4327,1741,"director"
17277,4327,6922,"actor"
17278,4327,7402,"actor"
17279,4327,8012,"actor"
17280,4328,4935,"actor"
17281,4328,5377,"actor"
17282,4328,5491,"actor"
17283,4328,7982,"director"
17284,4329,357,"director"
17285,4329,2164,"actor"
17286,4329,4569,"actor"
17287,4329,8387,"actor"
17288,4330,713,"actor"
17289,4330,1932,"director"
17290,4330,6996,"actor"
17291,4330,7379,"actor"
17292,4331,269,"actor"
17293,4331,4076,"director"
17294,4331,6184,"actor"
17295,4331,7142,"actor"
17296,4332,2075,"actor"
17297,4332,2656,"actor"
17298,4332,4192,"director"
17299,4332,6089,"actor"
17300,4333,3568,"actor"
17301,4333,7035,"actor"
17302,4333,7046,"director"
17303,4333,7499,"actor"
17304,4334,663,"director"
17305,4334,1253,"actor"
17306,4334,5049,"actor"
17307,4334,7831,"actor"
17308,4335,1571,"actor"
17309,4335,1715,"actor"
17310,4335,4083,"director"
17311,4335,8133,"actor"
17312,4336,438,"actor"
17313,4336,2495,"actor"
17314,4336,5902,"actor"
17315,4336,6658,"director"
17316,4337,4712,"actor"
17317,4337,5757,"actor"
17318,4337,6527,"director"
17319,4337,7758,"actor"
17320,4338,1218,"actor"
17321,4338,3298,"actor"
17322,4338,5316,"actor"
17323,4338,6871,"director"
17324,4339,910,"actor"
17325,4339,5095,"director"
17326,4339,5733,"actor"
17327,4339,6286,"actor"
17328,4340,60,"actor"
17329,4340,627,"director"
17330,4340,5044,"actor"
17331,4340,6494,"actor"
17332,4341,3442,"actor"
17333,4341,3463,"actor"
17334,4341,4286,"director"
17335,4341,7330,"actor"
17336,4342,1553,"actor"
17337,4342,3661,"director"
17338,4342,6071,"actor"
17339,4342,7653,"actor"
17340,4343,316,"actor"
17341,4343,1218,"actor"
17342,4343,1596,"actor"
17343,4343,6371,"director"
17344,4344,1544,"actor"
17345,4344,5408,"director"
17346,4344,6665,"actor"
17347,4344,7917,"actor"
17348,4345,2477,"actor"
17349,4345,5987,"director"
17350,4345,6334,"actor"
17351,4345,7563,"actor"
17352,4346,3204,"actor"
17353,4346,3260,"director"
17354,4346,5952,"actor"
17355,4346,7206,"actor"
17356,4347,4087,"director"
17357,4347,4265,"actor"
17358,4347,4795,"actor"
17359,4347,5007,"actor"
17360,4348,600,"actor"
17361,4348,2454,"actor"
17362,4348,2661,"actor"
17363,4348,5613,"director"
17364,4349,999,"actor"
17365,4349,2652,"actor"
17366,4349,3446,"actor"
17367,4349,4556,"director"
17368,4350,1258,"actor"
17369,4350,4832,"actor"
17370,4350,7234,"actor"
17371,4350,7234,"director"
17372,4351,162,"actor"
17373,4351,604,"actor"
17374,4351,1910,"actor"
17375,4351,3213,"director"
17376,4352,529,"director"
17377,4352,3083,"actor"
17378,4352,5971,"actor"
17379,4352,6382,"actor"
17380,4353,898,"actor"
17381,4353,1861,"actor"
17382,4353,4832,"actor"
17383,4353,7156,"director"
17384,4354,1060,"actor"
17385,4354,3827,"actor"
17386,4354,6565,"actor"
17387,4354,7516,"director"
17388,4355,803,"director"
17389,4355,895,"actor"
17390,4355,1097,"actor"
17391,4355,7269,"actor"
17392,4356,695,"actor"
17393,4356,3613,"actor"
17394,4356,5655,"director"
17395,4356,7494,"actor"
17396,4357,1483,"director"
17397,4357,3142,"actor"
17398,4357,8275,"actor"
17399,4357,8377,"actor"
17400,4358,1453,"actor"
17401,4358,1969,"actor"
17402,4358,4345,"actor"
17403,4358,6662,"director"
17404,4359,3393,"actor"
17405,4359,3478,"actor"
17406,4359,6712,"director"
17407,4359,6989,"actor"
17408,4360,117,"actor"
17409,4360,3014,"actor"
17410,4360,4107,"actor"
17411,4360,7129,"director"
17412,4361,915,"actor"
17413,4361,1500,"director"
17414,4361,4413,"actor"
17415,4361,4791,"actor"
17416,4362,654,"actor"
17417,4362,1697,"director"
17418,4362,4486,"actor"
17419,4362,5911,"actor"
17420,4363,5474,"actor"
17421,4363,5591,"director"
17422,4363,6046,"actor"
17423,4363,6138,"actor"
17424,4364,3011,"actor"
17425,4364,3215,"actor"
17426,4364,7018,"director"
17427,4364,7064,"actor"
17428,4365,503,"actor"
17429,4365,2618,"actor"
17430,4365,6739,"director"
17431,4365,8316,"actor"
17432,4366,1538,"director"
17433,4366,1838,"actor"
17434,4366,3937,"actor"
17435,4366,4571,"actor"
17436,4367,244,"actor"
17437,4367,487,"actor"
17438,4367,2657,"actor"
17439,4367,3986,"director"
17440,4368,1951,"actor"
17441,4368,2148,"actor"
17442,4368,6440,"actor"
17443,4368,8226,"director"
17444,4369,705,"actor"
17445,4369,2267,"actor"
17446,4369,3915,"director"
17447,4369,6267,"actor"
17448,4370,285,"director"
17449,4370,1189,"actor"
17450,4370,2812,"actor"
17451,4370,4579,"actor"
17452,4371,2897,"actor"
17453,4371,3359,"director"
17454,4371,3793,"actor"
17455,4371,4629,"actor"
17456,4372,826,"actor"
17457,4372,2653,"director"
17458,4372,5438,"actor"
17459,4372,6769,"actor"
17460,4373,897,"actor"
17461,4373,1310,"actor"
17462,4373,3588,"director"
17463,4373,4623,"actor"
17464,4374,2403,"director"
17465,4374,4241,"actor"
17466,4374,4664,"actor"
17467,4374,4873,"actor"
17468,4375,497,"actor"
17469,4375,699,"actor"
17470,4375,1522,"actor"
17471,4375,6934,"director"
17472,4376,1786,"actor"
17473,4376,2836,"director"
17474,4376,5724,"actor"
17475,4376,5844,"actor"
17476,4377,1400,"actor"
17477,4377,1745,"actor"
17478,4377,4055,"actor"
17479,4377,7782,"director"
17480,4378,27,"actor"
17481,4378,1659,"actor"
17482,4378,1703,"actor"
17483,4378,2114,"director"
17484,4379,176,"director"
17485,4379,2366,"actor"
17486,4379,5467,"actor"
17487,4379,5818,"actor"
17488,4380,2828,"actor"
17489,4380,3608,"actor"
17490,4380,3730,"actor"
17491,4380,5670,"director"
17492,4381,52,"actor"
17493,4381,695,"actor"
17494,4381,2595,"director"
17495,4381,3850,"actor"
17496,4382,3337,"actor"
17497,4382,4886,"actor"
17498,4382,7380,"actor"
17499,4382,8098,"director"
17500,4383,1177,"director"
17501,4383,2313,"actor"
17502,4383,4704,"actor"
17503,4383,7106,"actor"
17504,4384,2316,"actor"
17505,4384,4834,"actor"
17506,4384,4924,"actor"
17507,4384,6652,"director"
17508,4385,1100,"director"
17509,4385,6234,"actor"
17510,4385,6787,"actor"
17511,4385,7003,"actor"
17512,4386,25,"actor"
17513,4386,1156,"director"
17514,4386,2348,"actor"
17515,4386,7407,"actor"
17516,4387,523,"director"
17517,4387,1328,"actor"
17518,4387,3015,"actor"
17519,4387,7142,"actor"
17520,4388,3802,"actor"
17521,4388,5254,"actor"
17522,4388,5766,"actor"
17523,4388,5804,"director"
17524,4389,1762,"actor"
17525,4389,4826,"actor"
17526,4389,5886,"actor"
17527,4389,8324,"director"
17528,4390,2333,"actor"
17529,4390,2518,"actor"
17530,4390,6492,"actor"
17531,4390,7404,"director"
17532,4391,664,"actor"
17533,4391,4031,"actor"
17534,4391,4594,"director"
17535,4391,7321,"actor"
17536,4392,2706,"actor"
17537,4392,4208,"actor"
17538,4392,4607,"actor"
17539,4392,5340,"director"
17540,4393,1316,"actor"
17541,4393,1713,"director"
17542,4393,3565,"actor"
17543,4393,6714,"actor"
17544,4394,2148,"actor"
17545,4394,2247,"actor"
17546,4394,6044,"actor"
17547,4394,7151,"director"
17548,4395,5087,"actor"
17549,4395,6554,"actor"
17550,4395,6661,"director"
17551,4395,7871,"actor"
17552,4396,2427,"actor"
17553,4396,4140,"director"
17554,4396,4716,"actor"
17555,4396,6295,"actor"
17556,4397,287,"actor"
17557,4397,5309,"director"
17558,4397,8065,"actor"
17559,4397,8353,"actor"
17560,4398,4352,"actor"
17561,4398,5427,"actor"
17562,4398,5867,"director"
17563,4398,7738,"actor"
17564,4399,1839,"director"
17565,4399,6505,"actor"
17566,4399,7862,"actor"
17567,4399,8265,"actor"
17568,4400,1236,"director"
17569,4400,2998,"actor"
17570,4400,5777,"actor"
17571,4400,7671,"actor"
17572,4401,2097,"actor"
17573,4401,2711,"director"
17574,4401,7111,"actor"
17575,4401,8355,"actor"
17576,4402,1298,"actor"
17577,4402,3200,"director"
17578,4402,3613,"actor"
17579,4402,6163,"actor"
17580,4403,772,"actor"
17581,4403,842,"actor"
17582,4403,3723,"actor"
17583,4403,8334,"director"
17584,4404,997,"director"
17585,4404,1437,"actor"
17586,4404,1652,"actor"
17587,4404,8391,"actor"
17588,4405,927,"actor"
17589,4405,2665,"actor"
17590,4405,4529,"actor"
17591,4405,7466,"director"
17592,4406,797,"actor"
17593,4406,878,"director"
17594,4406,4372,"actor"
17595,4406,6740,"actor"
17596,4407,3270,"actor"
17597,4407,3857,"actor"
17598,4407,5059,"actor"
17599,4407,7913,"director"
17600,4408,3172,"actor"
17601,4408,5941,"actor"
17602,4408,6224,"director"
17603,4408,7918,"actor"
17604,4409,1803,"director"
17605,4409,2315,"actor"
17606,4409,3461,"actor"
17607,4409,7701,"actor"
17608,4410,2159,"director"
17609,4410,4678,"actor"
17610,4410,5984,"actor"
17611,4410,7870,"actor"
17612,4411,1348,"actor"
17613,4411,3312,"actor"
17614,4411,3438,"actor"
17615,4411,5595,"director"
17616,4412,205,"actor"
17617,4412,1038,"actor"
17618,4412,6594,"actor"
17619,4412,7247,"director"
17620,4413,371,"director"
17621,4413,920,"actor"
17622,4413,1120,"actor"
17623,4413,4157,"actor"
17624,4414,709,"actor"
17625,4414,1371,"actor"
17626,4414,5143,"actor"
17627,4414,6697,"director"
17628,4415,709,"actor"
17629,4415,1371,"actor"
17630,4415,5143,"actor"
17631,4415,6697,"director"
17632,4416,2448,"director"
17633,4416,4701,"actor"
17634,4416,5546,"actor"
17635,4416,5548,"actor"
17636,4417,437,"actor"
17637,4417,1907,"director"
17638,4417,6552,"actor"
17639,4417,8120,"actor"
17640,4418,291,"actor"
17641,4418,2487,"actor"
17642,4418,6779,"actor"
17643,4418,7094,"director"
17644,4419,675,"actor"
17645,4419,1919,"actor"
17646,4419,6290,"director"
17647,4419,7269,"actor"
17648,4420,2082,"actor"
17649,4420,3769,"actor"
17650,4420,4288,"director"
17651,4420,7080,"actor"
17652,4421,910,"actor"
17653,4421,1820,"director"
17654,4421,3754,"actor"
17655,4421,4914,"actor"
17656,4422,1494,"actor"
17657,4422,3716,"actor"
17658,4422,4318,"director"
17659,4422,8162,"actor"
17660,4423,617,"actor"
17661,4423,4156,"actor"
17662,4423,7664,"director"
17663,4423,7777,"actor"
17664,4424,38,"actor"
17665,4424,1102,"actor"
17666,4424,1271,"actor"
17667,4424,4049,"director"
17668,4425,2276,"actor"
17669,4425,2453,"actor"
17670,4425,4627,"director"
17671,4425,6763,"actor"
17672,4426,1850,"director"
17673,4426,2354,"actor"
17674,4426,6146,"actor"
17675,4426,7214,"actor"
17676,4427,406,"director"
17677,4427,1038,"actor"
17678,4427,7411,"actor"
17679,4427,8387,"actor"
17680,4428,2033,"actor"
17681,4428,2604,"actor"
17682,4428,6050,"director"
17683,4428,6252,"actor"
17684,4429,915,"actor"
17685,4429,2090,"actor"
17686,4429,3343,"director"
17687,4429,8122,"actor"
17688,4430,6206,"actor"
17689,4430,6510,"director"
17690,4430,6546,"actor"
17691,4430,6826,"actor"
17692,4431,477,"actor"
17693,4431,3839,"director"
17694,4431,4771,"actor"
17695,4431,5223,"actor"
17696,4432,1546,"actor"
17697,4432,3266,"actor"
17698,4432,6502,"director"
17699,4432,6735,"actor"
17700,4433,661,"director"
17701,4433,1274,"actor"
17702,4433,1615,"actor"
17703,4433,1739,"actor"
17704,4434,960,"director"
17705,4434,2197,"actor"
17706,4434,3162,"actor"
17707,4434,6953,"actor"
17708,4435,960,"director"
17709,4435,2197,"actor"
17710,4435,3162,"actor"
17711,4435,6953,"actor"
17712,4436,188,"actor"
17713,4436,2804,"actor"
17714,4436,4128,"actor"
17715,4436,5707,"director"
17716,4437,346,"actor"
17717,4437,1837,"director"
17718,4437,3478,"actor"
17719,4437,5347,"actor"
17720,4438,1400,"actor"
17721,4438,4538,"actor"
17722,4438,4866,"actor"
17723,4438,7184,"director"
17724,4439,499,"actor"
17725,4439,1684,"actor"
17726,4439,3853,"director"
17727,4439,4175,"actor"
17728,4440,436,"actor"
17729,4440,1949,"director"
17730,4440,3707,"actor"
17731,4440,4086,"actor"
17732,4441,1039,"actor"
17733,4441,1099,"actor"
17734,4441,2799,"director"
17735,4441,5782,"actor"
17736,4442,320,"actor"
17737,4442,1960,"director"
17738,4442,2090,"actor"
17739,4442,2798,"actor"
17740,4443,1108,"actor"
17741,4443,5675,"director"
17742,4443,7543,"actor"
17743,4443,8075,"actor"
17744,4444,1083,"actor"
17745,4444,4512,"actor"
17746,4444,5730,"actor"
17747,4444,7555,"director"
17748,4445,1308,"actor"
17749,4445,5733,"actor"
17750,4445,6445,"director"
17751,4445,7409,"actor"
17752,4446,677,"actor"
17753,4446,6483,"actor"
17754,4446,7305,"actor"
17755,4446,8042,"director"
17756,4447,4365,"actor"
17757,4447,5252,"actor"
17758,4447,6230,"director"
17759,4447,7221,"actor"
17760,4448,493,"actor"
17761,4448,1430,"director"
17762,4448,5037,"actor"
17763,4448,5365,"actor"
17764,4449,295,"actor"
17765,4449,5347,"actor"
17766,4449,7163,"actor"
17767,4449,7535,"director"
17768,4450,477,"actor"
17769,4450,4022,"actor"
17770,4450,5470,"actor"
17771,4450,6731,"director"
17772,4451,1923,"director"
17773,4451,3297,"actor"
17774,4451,5064,"actor"
17775,4451,6946,"actor"
17776,4452,1540,"actor"
17777,4452,2728,"actor"
17778,4452,4469,"director"
17779,4452,5995,"actor"
17780,4453,1500,"director"
17781,4453,4021,"actor"
17782,4453,7176,"actor"
17783,4453,7520,"actor"
17784,4454,308,"actor"
17785,4454,2171,"actor"
17786,4454,7620,"director"
17787,4454,7860,"actor"
17788,4455,3651,"actor"
17789,4455,5511,"director"
17790,4455,6252,"actor"
17791,4455,6800,"actor"
17792,4456,1257,"actor"
17793,4456,7372,"actor"
17794,4456,7691,"director"
17795,4456,8163,"actor"
17796,4457,2395,"actor"
17797,4457,2402,"director"
17798,4457,2588,"actor"
17799,4457,4321,"actor"
17800,4458,4742,"actor"
17801,4458,5941,"actor"
17802,4458,6439,"actor"
17803,4458,8090,"director"
17804,4459,4742,"actor"
17805,4459,5941,"actor"
17806,4459,6439,"actor"
17807,4459,8090,"director"
17808,4460,1659,"actor"
17809,4460,3323,"actor"
17810,4460,5002,"director"
17811,4460,6740,"actor"
17812,4461,1632,"actor"
17813,4461,2129,"actor"
17814,4461,2898,"actor"
17815,4461,7155,"director"
17816,4462,4670,"director"
17817,4462,5015,"actor"
17818,4462,6975,"actor"
17819,4462,7534,"actor"
17820,4463,313,"actor"
17821,4463,4297,"actor"
17822,4463,4549,"director"
17823,4463,7764,"actor"
17824,4464,1033,"director"
17825,4464,4055,"actor"
17826,4464,6696,"actor"
17827,4464,7668,"actor"
17828,4465,537,"director"
17829,4465,2849,"actor"
17830,4465,3819,"actor"
17831,4465,6536,"actor"
17832,4466,211,"actor"
17833,4466,4301,"actor"
17834,4466,5324,"director"
17835,4466,6193,"actor"
17836,4467,329,"actor"
17837,4467,4964,"director"
17838,4467,5777,"actor"
17839,4467,7142,"actor"
17840,4468,445,"actor"
17841,4468,6812,"director"
17842,4468,7054,"actor"
17843,4468,7266,"actor"
17844,4469,1589,"director"
17845,4469,2908,"actor"
17846,4469,4043,"actor"
17847,4469,7572,"actor"
17848,4470,1520,"actor"
17849,4470,3694,"actor"
17850,4470,4894,"director"
17851,4470,7069,"actor"
17852,4471,200,"actor"
17853,4471,394,"director"
17854,4471,6130,"actor"
17855,4471,7110,"actor"
17856,4472,4305,"actor"
17857,4472,6734,"director"
17858,4472,8013,"actor"
17859,4472,8350,"actor"
17860,4473,4325,"actor"
17861,4473,4801,"actor"
17862,4473,5690,"director"
17863,4473,6979,"actor"
17864,4474,3107,"actor"
17865,4474,3309,"director"
17866,4474,7824,"actor"
17867,4474,8013,"actor"
17868,4475,314,"actor"
17869,4475,590,"actor"
17870,4475,1947,"director"
17871,4475,3909,"actor"
17872,4476,2097,"actor"
17873,4476,6492,"actor"
17874,4476,6493,"actor"
17875,4476,7178,"director"
17876,4477,1116,"actor"
17877,4477,1596,"actor"
17878,4477,3153,"actor"
17879,4477,5912,"director"
17880,4478,6492,"actor"
17881,4478,6834,"actor"
17882,4478,7284,"director"
17883,4478,7497,"actor"
17884,4479,1668,"director"
17885,4479,3286,"actor"
17886,4479,3346,"actor"
17887,4479,5585,"actor"
17888,4480,3058,"actor"
17889,4480,4340,"actor"
17890,4480,4804,"actor"
17891,4480,7050,"director"
17892,4481,514,"actor"
17893,4481,1773,"director"
17894,4481,2367,"actor"
17895,4481,4914,"actor"
17896,4482,3493,"director"
17897,4482,4832,"actor"
17898,4482,5844,"actor"
17899,4482,7144,"actor"
17900,4483,1286,"actor"
17901,4483,4637,"actor"
17902,4483,7252,"actor"
17903,4483,7252,"director"
17904,4484,2670,"actor"
17905,4484,2829,"director"
17906,4484,3288,"actor"
17907,4484,3636,"actor"
17908,4485,1766,"actor"
17909,4485,4850,"actor"
17910,4485,7301,"actor"
17911,4485,7552,"director"
17912,4486,175,"actor"
17913,4486,4909,"director"
17914,4486,6411,"actor"
17915,4486,7474,"actor"
17916,4487,4247,"actor"
17917,4487,5331,"actor"
17918,4487,6210,"director"
17919,4487,7028,"actor"
17920,4488,1421,"director"
17921,4488,2864,"actor"
17922,4488,5759,"actor"
17923,4488,6622,"actor"
17924,4489,426,"actor"
17925,4489,500,"actor"
17926,4489,722,"actor"
17927,4489,2393,"director"
17928,4490,1222,"actor"
17929,4490,3826,"actor"
17930,4490,4460,"director"
17931,4490,7343,"actor"
17932,4491,242,"actor"
17933,4491,4223,"director"
17934,4491,5072,"actor"
17935,4491,5460,"actor"
17936,4492,1608,"actor"
17937,4492,2208,"actor"
17938,4492,6233,"director"
17939,4492,7133,"actor"
17940,4493,632,"actor"
17941,4493,2292,"actor"
17942,4493,5738,"actor"
17943,4493,7014,"director"
17944,4494,2868,"director"
17945,4494,4522,"actor"
17946,4494,5080,"actor"
17947,4494,5561,"actor"
17948,4495,3266,"actor"
17949,4495,5174,"actor"
17950,4495,5174,"director"
17951,4495,5257,"actor"
17952,4496,1046,"actor"
17953,4496,1060,"actor"
17954,4496,7777,"actor"
17955,4496,7809,"director"
17956,4497,1125,"director"
17957,4497,3585,"actor"
17958,4497,5656,"actor"
17959,4497,6454,"actor"
17960,4498,866,"actor"
17961,4498,2424,"actor"
17962,4498,3224,"actor"
17963,4498,3824,"director"
17964,4499,20,"actor"
17965,4499,2706,"actor"
17966,4499,3608,"actor"
17967,4499,4126,"director"
17968,4500,20,"actor"
17969,4500,2706,"actor"
17970,4500,3608,"actor"
17971,4500,4126,"director"
17972,4501,1461,"actor"
17973,4501,2959,"actor"
17974,4501,4059,"director"
17975,4501,6009,"actor"
17976,4502,814,"actor"
17977,4502,1812,"actor"
17978,4502,2519,"actor"
17979,4502,8252,"director"
17980,4503,1820,"director"
17981,4503,5253,"actor"
17982,4503,5383,"actor"
17983,4503,5733,"actor"
17984,4504,1820,"director"
17985,4504,5253,"actor"
17986,4504,5383,"actor"
17987,4504,5733,"actor"
17988,4505,623,"director"
17989,4505,1910,"actor"
17990,4505,6067,"actor"
17991,4505,7915,"actor"
17992,4506,2090,"actor"
17993,4506,3558,"actor"
17994,4506,6048,"actor"
17995,4506,7223,"director"
17996,4507,3287,"director"
17997,4507,3391,"actor"
17998,4507,5822,"actor"
17999,4507,6500,"actor"
18000,4508,1053,"actor"
18001,4508,2477,"actor"
18002,4508,2608,"director"
18003,4508,4135,"actor"
18004,4509,1206,"actor"
18005,4509,2273,"director"
18006,4509,5548,"actor"
18007,4509,5678,"actor"
18008,4510,247,"actor"
18009,4510,4895,"director"
18010,4510,7574,"actor"
18011,4510,8113,"actor"
18012,4511,1767,"director"
18013,4511,3993,"actor"
18014,4511,4227,"actor"
18015,4511,7262,"actor"
18016,4512,315,"actor"
18017,4512,1438,"director"
18018,4512,1788,"actor"
18019,4512,6876,"actor"
18020,4513,493,"actor"
18021,4513,4336,"director"
18022,4513,4827,"actor"
18023,4513,7285,"actor"
18024,4514,797,"actor"
18025,4514,5818,"actor"
18026,4514,6560,"actor"
18027,4514,7740,"director"
18028,4515,3123,"actor"
18029,4515,4621,"actor"
18030,4515,6638,"director"
18031,4515,7232,"actor"
18032,4516,3739,"director"
18033,4516,5787,"actor"
18034,4516,6055,"actor"
18035,4516,6219,"actor"
18036,4517,2885,"actor"
18037,4517,4155,"actor"
18038,4517,4419,"director"
18039,4517,6450,"actor"
18040,4518,2166,"actor"
18041,4518,4041,"actor"
18042,4518,4832,"actor"
18043,4518,6052,"director"
18044,4519,704,"actor"
18045,4519,704,"director"
18046,4519,2691,"actor"
18047,4519,5192,"actor"
18048,4520,1758,"actor"
18049,4520,3644,"actor"
18050,4520,4084,"director"
18051,4520,5989,"actor"
18052,4521,1758,"actor"
18053,4521,3644,"actor"
18054,4521,4084,"director"
18055,4521,5989,"actor"
18056,4522,4159,"actor"
18057,4522,4919,"actor"
18058,4522,5036,"actor"
18059,4522,7881,"director"
18060,4523,719,"actor"
18061,4523,2841,"director"
18062,4523,3002,"actor"
18063,4523,8397,"actor"
18064,4524,397,"actor"
18065,4524,634,"actor"
18066,4524,2366,"actor"
18067,4524,5103,"director"
18068,4525,1471,"actor"
18069,4525,2794,"actor"
18070,4525,4998,"actor"
18071,4525,5539,"director"
18072,4526,4729,"actor"
18073,4526,4739,"actor"
18074,4526,5303,"actor"
18075,4526,5303,"director"
18076,4527,352,"actor"
18077,4527,1218,"actor"
18078,4527,3032,"actor"
18079,4527,4116,"director"
18080,4528,1987,"actor"
18081,4528,2882,"director"
18082,4528,3179,"actor"
18083,4528,7975,"actor"
18084,4529,1416,"actor"
18085,4529,2320,"actor"
18086,4529,3483,"director"
18087,4529,7963,"actor"
18088,4530,1416,"actor"
18089,4530,2320,"actor"
18090,4530,3483,"director"
18091,4530,7963,"actor"
18092,4531,528,"director"
18093,4531,1308,"actor"
18094,4531,2025,"actor"
18095,4531,3391,"actor"
18096,4532,2993,"actor"
18097,4532,3482,"actor"
18098,4532,6151,"director"
18099,4532,7605,"actor"
18100,4533,622,"actor"
18101,4533,1106,"actor"
18102,4533,5623,"director"
18103,4533,7102,"actor"
18104,4534,4150,"director"
18105,4534,5823,"actor"
18106,4534,7057,"actor"
18107,4534,7245,"actor"
18108,4535,1458,"actor"
18109,4535,2767,"actor"
18110,4535,2924,"actor"
18111,4535,6964,"director"
18112,4536,1458,"actor"
18113,4536,2767,"actor"
18114,4536,2924,"actor"
18115,4536,6964,"director"
18116,4537,223,"actor"
18117,4537,3558,"actor"
18118,4537,5470,"actor"
18119,4537,6391,"director"
18120,4538,797,"actor"
18121,4538,2499,"actor"
18122,4538,7915,"actor"
18123,4538,8206,"director"
18124,4539,244,"actor"
18125,4539,780,"director"
18126,4539,1801,"actor"
18127,4539,3422,"actor"
18128,4540,34,"actor"
18129,4540,101,"actor"
18130,4540,3370,"actor"
18131,4540,6316,"director"
18132,4541,664,"actor"
18133,4541,5730,"actor"
18134,4541,7780,"actor"
18135,4541,7921,"director"
18136,4542,1260,"actor"
18137,4542,4211,"actor"
18138,4542,4700,"director"
18139,4542,5081,"actor"
18140,4543,2579,"director"
18141,4543,3622,"actor"
18142,4543,4157,"actor"
18143,4543,6382,"actor"
18144,4544,2890,"actor"
18145,4544,3564,"actor"
18146,4544,6157,"director"
18147,4544,7633,"actor"
18148,4545,282,"actor"
18149,4545,722,"actor"
18150,4545,5785,"director"
18151,4545,6915,"actor"
18152,4546,361,"actor"
18153,4546,2481,"director"
18154,4546,3338,"actor"
18155,4546,6500,"actor"
18156,4547,1844,"director"
18157,4547,4762,"actor"
18158,4547,6765,"actor"
18159,4547,6766,"actor"
18160,4548,477,"actor"
18161,4548,1266,"actor"
18162,4548,3646,"actor"
18163,4548,6648,"director"
18164,4549,2673,"actor"
18165,4549,5006,"actor"
18166,4549,6584,"director"
18167,4549,6937,"actor"
18168,4550,268,"actor"
18169,4550,5777,"actor"
18170,4550,6371,"director"
18171,4550,8222,"actor"
18172,4551,327,"actor"
18173,4551,3263,"actor"
18174,4551,4554,"actor"
18175,4551,8207,"director"
18176,4552,797,"actor"
18177,4552,848,"actor"
18178,4552,2755,"director"
18179,4552,5317,"actor"
18180,4553,111,"actor"
18181,4553,4998,"actor"
18182,4553,6857,"director"
18183,4553,8228,"actor"
18184,4554,947,"actor"
18185,4554,4832,"actor"
18186,4554,6324,"director"
18187,4554,7111,"actor"
18188,4555,2742,"actor"
18189,4555,3610,"director"
18190,4555,4156,"actor"
18191,4555,4466,"actor"
18192,4556,1937,"actor"
18193,4556,2115,"actor"
18194,4556,4350,"actor"
18195,4556,5918,"director"
18196,4557,1052,"actor"
18197,4557,1137,"actor"
18198,4557,7935,"actor"
18199,4557,8251,"director"
18200,4558,1823,"actor"
18201,4558,2152,"actor"
18202,4558,3471,"director"
18203,4558,4036,"actor"
18204,4559,1042,"director"
18205,4559,1291,"actor"
18206,4559,2058,"actor"
18207,4559,6458,"actor"
18208,4560,1,"actor"
18209,4560,962,"director"
18210,4560,1053,"actor"
18211,4560,3701,"actor"
18212,4561,3327,"director"
18213,4561,5990,"actor"
18214,4561,6823,"actor"
18215,4561,8353,"actor"
18216,4562,687,"actor"
18217,4562,4850,"actor"
18218,4562,6040,"actor"
18219,4562,8248,"director"
18220,4563,1158,"director"
18221,4563,4304,"actor"
18222,4563,4705,"actor"
18223,4563,4952,"actor"
18224,4564,898,"actor"
18225,4564,1591,"director"
18226,4564,4371,"actor"
18227,4564,8013,"actor"
18228,4565,920,"actor"
18229,4565,1405,"actor"
18230,4565,2842,"actor"
18231,4565,5763,"director"
18232,4566,2520,"actor"
18233,4566,3621,"actor"
18234,4566,4277,"director"
18235,4566,5280,"actor"
18236,4567,2240,"actor"
18237,4567,2356,"actor"
18238,4567,3361,"director"
18239,4567,7357,"actor"
18240,4568,1207,"actor"
18241,4568,6968,"director"
18242,4568,6985,"actor"
18243,4568,7485,"actor"
18244,4569,343,"actor"
18245,4569,1427,"actor"
18246,4569,1940,"director"
18247,4569,3235,"actor"
18248,4570,1942,"actor"
18249,4570,6565,"actor"
18250,4570,6881,"actor"
18251,4570,7809,"director"
18252,4571,26,"actor"
18253,4571,3421,"actor"
18254,4571,7284,"director"
18255,4571,7824,"actor"
18256,4572,4910,"actor"
18257,4572,8015,"actor"
18258,4572,8129,"actor"
18259,4572,8160,"director"
18260,4573,1356,"director"
18261,4573,3212,"actor"
18262,4573,6881,"actor"
18263,4573,6922,"actor"
18264,4574,564,"actor"
18265,4574,5555,"actor"
18266,4574,7100,"director"
18267,4574,8305,"actor"
18268,4575,1497,"actor"
18269,4575,4022,"actor"
18270,4575,5777,"actor"
18271,4575,8167,"director"
18272,4576,824,"actor"
18273,4576,4445,"actor"
18274,4576,5487,"director"
18275,4576,7393,"actor"
18276,4577,1728,"actor"
18277,4577,7215,"actor"
18278,4577,7454,"director"
18279,4577,8162,"actor"
18280,4578,2956,"actor"
18281,4578,4022,"actor"
18282,4578,4537,"director"
18283,4578,5587,"actor"
18284,4579,210,"actor"
18285,4579,445,"director"
18286,4579,2543,"actor"
18287,4579,3240,"actor"
18288,4580,210,"actor"
18289,4580,445,"director"
18290,4580,2543,"actor"
18291,4580,3240,"actor"
18292,4581,3030,"actor"
18293,4581,4814,"director"
18294,4581,6583,"actor"
18295,4581,7301,"actor"
18296,4582,2550,"actor"
18297,4582,2640,"director"
18298,4582,3598,"actor"
18299,4582,7755,"actor"
18300,4583,4882,"actor"
18301,4583,5075,"actor"
18302,4583,7349,"director"
18303,4583,8181,"actor"
18304,4584,85,"actor"
18305,4584,3150,"actor"
18306,4584,3458,"actor"
18307,4584,6025,"director"
18308,4585,3712,"actor"
18309,4585,5354,"actor"
18310,4585,7217,"actor"
18311,4585,7750,"director"
18312,4586,2175,"actor"
18313,4586,5137,"actor"
18314,4586,5818,"actor"
18315,4586,5975,"director"
18316,4587,1344,"actor"
18317,4587,1650,"director"
18318,4587,3218,"actor"
18319,4587,5444,"actor"
18320,4588,220,"actor"
18321,4588,3283,"actor"
18322,4588,4818,"actor"
18323,4588,5226,"director"
18324,4589,2670,"actor"
18325,4589,3538,"director"
18326,4589,4533,"actor"
18327,4589,5646,"actor"
18328,4590,115,"director"
18329,4590,4504,"actor"
18330,4590,5311,"actor"
18331,4590,8256,"actor"
18332,4591,3755,"actor"
18333,4591,4152,"actor"
18334,4591,5618,"actor"
18335,4591,8349,"director"
18336,4592,1862,"director"
18337,4592,3472,"actor"
18338,4592,3615,"actor"
18339,4592,7470,"actor"
18340,4593,1062,"director"
18341,4593,3112,"actor"
18342,4593,3622,"actor"
18343,4593,6295,"actor"
18344,4594,1882,"director"
18345,4594,4946,"actor"
18346,4594,5624,"actor"
18347,4594,7444,"actor"
18348,4595,643,"actor"
18349,4595,5013,"actor"
18350,4595,7658,"director"
18351,4595,7816,"actor"
18352,4596,228,"actor"
18353,4596,1420,"actor"
18354,4596,4433,"actor"
18355,4596,7815,"director"
18356,4597,873,"actor"
18357,4597,1616,"actor"
18358,4597,3014,"actor"
18359,4597,5591,"director"
18360,4598,1305,"actor"
18361,4598,2948,"actor"
18362,4598,5029,"director"
18363,4598,8197,"actor"
18364,4599,2517,"actor"
18365,4599,4609,"actor"
18366,4599,5069,"director"
18367,4599,7225,"actor"
18368,4600,3952,"director"
18369,4600,6299,"actor"
18370,4600,6460,"actor"
18371,4600,7369,"actor"
18372,4601,765,"actor"
18373,4601,1904,"director"
18374,4601,3286,"actor"
18375,4601,4601,"actor"
18376,4602,1735,"actor"
18377,4602,2946,"director"
18378,4602,5424,"actor"
18379,4602,7429,"actor"
18380,4603,797,"actor"
18381,4603,915,"actor"
18382,4603,1096,"director"
18383,4603,2366,"actor"
18384,4604,797,"actor"
18385,4604,915,"actor"
18386,4604,1096,"director"
18387,4604,2366,"actor"
18388,4605,695,"actor"
18389,4605,3684,"actor"
18390,4605,4172,"actor"
18391,4605,8168,"director"
18392,4606,2203,"actor"
18393,4606,2361,"actor"
18394,4606,5676,"actor"
18395,4606,6148,"director"
18396,4607,1409,"actor"
18397,4607,2232,"actor"
18398,4607,5645,"actor"
18399,4607,5926,"director"
18400,4608,3303,"actor"
18401,4608,3303,"director"
18402,4608,5453,"actor"
18403,4608,8330,"actor"
18404,4609,1936,"actor"
18405,4609,2186,"director"
18406,4609,3618,"actor"
18407,4609,7897,"actor"
18408,4610,3015,"actor"
18409,4610,4208,"actor"
18410,4610,6359,"director"
18411,4610,7611,"actor"
18412,4611,2003,"director"
18413,4611,3109,"actor"
18414,4611,5673,"actor"
18415,4611,5800,"actor"
18416,4612,2852,"actor"
18417,4612,3594,"actor"
18418,4612,6069,"director"
18419,4612,7087,"actor"
18420,4613,1334,"actor"
18421,4613,4181,"director"
18422,4613,6765,"actor"
18423,4613,7142,"actor"
18424,4614,885,"actor"
18425,4614,961,"actor"
18426,4614,1023,"actor"
18427,4614,1384,"director"
18428,4615,542,"actor"
18429,4615,6421,"actor"
18430,4615,7007,"director"
18431,4615,7637,"actor"
18432,4616,2466,"director"
18433,4616,6405,"actor"
18434,4616,6520,"actor"
18435,4616,6957,"actor"
18436,4617,53,"actor"
18437,4617,722,"actor"
18438,4617,4022,"actor"
18439,4617,7150,"director"
18440,4618,549,"actor"
18441,4618,928,"actor"
18442,4618,1334,"actor"
18443,4618,5563,"director"
18444,4619,1992,"actor"
18445,4619,2190,"actor"
18446,4619,2204,"director"
18447,4619,7219,"actor"
18448,4620,344,"actor"
18449,4620,5214,"actor"
18450,4620,7540,"director"
18451,4620,7885,"actor"
18452,4621,1210,"actor"
18453,4621,1341,"actor"
18454,4621,5143,"actor"
18455,4621,8118,"director"
18456,4622,2473,"actor"
18457,4622,2546,"actor"
18458,4622,3903,"director"
18459,4622,4247,"actor"
18460,4623,49,"actor"
18461,4623,2506,"actor"
18462,4623,3302,"director"
18463,4623,4913,"actor"
18464,4624,915,"actor"
18465,4624,4012,"director"
18466,4624,6061,"actor"
18467,4624,6601,"actor"
18468,4625,445,"actor"
18469,4625,445,"director"
18470,4625,910,"actor"
18471,4625,5456,"actor"
18472,4626,1910,"actor"
18473,4626,3666,"director"
18474,4626,4795,"actor"
18475,4626,7600,"actor"
18476,4627,328,"actor"
18477,4627,5774,"director"
18478,4628,4054,"actor"
18479,4628,4500,"director"
18480,4628,5401,"actor"
18481,4628,5548,"actor"
18482,4629,3112,"actor"
18483,4629,4125,"actor"
18484,4629,5876,"director"
18485,4629,7266,"actor"
18486,4630,4027,"actor"
18487,4630,4389,"actor"
18488,4630,5586,"actor"
18489,4630,7821,"director"
18490,4631,1730,"director"
18491,4631,2524,"actor"
18492,4631,5403,"actor"
18493,4631,6848,"actor"
18494,4632,1700,"director"
18495,4632,2510,"actor"
18496,4632,5578,"actor"
18497,4632,7886,"actor"
18498,4633,1290,"actor"
18499,4633,2691,"actor"
18500,4633,4044,"actor"
18501,4633,5742,"director"
18502,4634,2033,"actor"
18503,4634,3015,"actor"
18504,4634,4469,"director"
18505,4634,4847,"actor"
18506,4635,2033,"actor"
18507,4635,3015,"actor"
18508,4635,4469,"director"
18509,4635,4847,"actor"
18510,4636,9,"director"
18511,4636,4110,"actor"
18512,4636,4295,"actor"
18513,4636,5571,"actor"
18514,4637,516,"actor"
18515,4637,3177,"director"
18516,4637,5920,"actor"
18517,4637,7154,"actor"
18518,4638,162,"actor"
18519,4638,2237,"actor"
18520,4638,6323,"director"
18521,4638,8230,"actor"
18522,4639,4957,"actor"
18523,4639,5501,"actor"
18524,4639,5875,"director"
18525,4639,8171,"actor"
18526,4640,3595,"director"
18527,4641,448,"director"
18528,4641,952,"actor"
18529,4641,2145,"actor"
18530,4641,2543,"actor"
18531,4642,237,"actor"
18532,4642,727,"director"
18533,4642,5465,"actor"
18534,4642,6000,"actor"
18535,4643,2884,"actor"
18536,4643,6394,"actor"
18537,4643,6984,"director"
18538,4643,7605,"actor"
18539,4644,2250,"actor"
18540,4644,3255,"director"
18541,4644,6587,"actor"
18542,4644,7977,"actor"
18543,4645,4854,"actor"
18544,4645,5201,"actor"
18545,4645,7184,"director"
18546,4645,8222,"actor"
18547,4646,1948,"director"
18548,4646,2694,"actor"
18549,4646,2837,"actor"
18550,4646,5334,"actor"
18551,4647,125,"actor"
18552,4647,1665,"director"
18553,4647,3613,"actor"
18554,4647,5444,"actor"
18555,4648,17,"actor"
18556,4648,2601,"actor"
18557,4648,7167,"actor"
18558,4648,8220,"director"
18559,4649,201,"actor"
18560,4649,411,"director"
18561,4649,4250,"actor"
18562,4649,5892,"actor"
18563,4650,172,"director"
18564,4650,2021,"actor"
18565,4650,2645,"actor"
18566,4650,4990,"actor"
18567,4651,220,"actor"
18568,4651,1997,"actor"
18569,4651,4042,"director"
18570,4651,5048,"actor"
18571,4652,4559,"actor"
18572,4652,4576,"actor"
18573,4652,6680,"director"
18574,4652,6681,"actor"
18575,4653,1708,"director"
18576,4653,6262,"actor"
18577,4653,7335,"actor"
18578,4653,7567,"actor"
18579,4654,1656,"actor"
18580,4654,4144,"director"
18581,4654,5661,"actor"
18582,4654,7832,"actor"
18583,4655,912,"actor"
18584,4655,2463,"actor"
18585,4655,3701,"actor"
18586,4655,7334,"director"
18587,4656,642,"director"
18588,4656,5255,"actor"
18589,4656,5553,"actor"
18590,4656,7880,"actor"
18591,4657,4248,"actor"
18592,4657,4969,"director"
18593,4657,5973,"actor"
18594,4657,6936,"actor"
18595,4658,195,"director"
18596,4658,1564,"actor"
18597,4658,2293,"actor"
18598,4658,7391,"actor"
18599,4659,602,"actor"
18600,4659,1015,"actor"
18601,4659,4864,"actor"
18602,4659,5121,"director"
18603,4660,4165,"director"
18604,4660,6560,"actor"
18605,4660,7780,"actor"
18606,4660,7793,"actor"
18607,4661,4165,"director"
18608,4661,6560,"actor"
18609,4661,7780,"actor"
18610,4661,7793,"actor"
18611,4662,444,"actor"
18612,4662,2545,"actor"
18613,4662,4510,"actor"
18614,4662,6772,"director"
18615,4663,1091,"actor"
18616,4663,3608,"actor"
18617,4663,5003,"actor"
18618,4663,7056,"director"
18619,4664,67,"actor"
18620,4664,2794,"actor"
18621,4664,2854,"director"
18622,4664,8230,"actor"
18623,4665,2000,"actor"
18624,4665,4037,"director"
18625,4665,4673,"actor"
18626,4665,5619,"actor"
18627,4666,2000,"actor"
18628,4666,4037,"director"
18629,4666,4673,"actor"
18630,4666,5619,"actor"
18631,4667,4151,"actor"
18632,4667,5003,"actor"
18633,4667,6346,"director"
18634,4667,7494,"actor"
18635,4668,3388,"director"
18636,4668,3482,"actor"
18637,4668,6234,"actor"
18638,4668,8122,"actor"
18639,4669,268,"actor"
18640,4669,1599,"actor"
18641,4669,2459,"director"
18642,4669,8222,"actor"
18643,4670,241,"actor"
18644,4670,4049,"director"
18645,4670,5765,"actor"
18646,4670,6449,"actor"
18647,4671,2206,"actor"
18648,4671,4459,"actor"
18649,4671,6017,"actor"
18650,4671,6730,"director"
18651,4672,2206,"actor"
18652,4672,4459,"actor"
18653,4672,6017,"actor"
18654,4672,6730,"director"
18655,4673,249,"actor"
18656,4673,3653,"director"
18657,4673,3812,"actor"
18658,4673,5223,"actor"
18659,4674,1006,"actor"
18660,4674,2605,"director"
18661,4674,3283,"actor"
18662,4674,7790,"actor"
18663,4675,1627,"actor"
18664,4675,4172,"actor"
18665,4675,6764,"actor"
18666,4675,7165,"director"
18667,4676,1627,"actor"
18668,4676,4172,"actor"
18669,4676,6764,"actor"
18670,4676,7165,"director"
18671,4677,777,"actor"
18672,4677,2389,"director"
18673,4677,3851,"actor"
18674,4677,4829,"actor"
18675,4678,544,"actor"
18676,4678,3755,"actor"
18677,4678,5326,"actor"
18678,4678,7797,"director"
18679,4679,544,"actor"
18680,4679,3755,"actor"
18681,4679,5326,"actor"
18682,4679,7797,"director"
18683,4680,544,"actor"
18684,4680,3755,"actor"
18685,4680,5326,"actor"
18686,4680,7797,"director"
18687,4681,491,"director"
18688,4681,3743,"actor"
18689,4681,5577,"actor"
18690,4681,6670,"actor"
18691,4682,53,"actor"
18692,4682,1533,"actor"
18693,4682,2828,"actor"
18694,4682,7516,"director"
18695,4683,52,"actor"
18696,4683,2564,"actor"
18697,4683,2739,"director"
18698,4683,7492,"actor"
18699,4684,731,"actor"
18700,4684,1334,"actor"
18701,4684,2597,"actor"
18702,4684,6890,"director"
18703,4685,343,"actor"
18704,4685,5719,"actor"
18705,4685,6274,"director"
18706,4685,6398,"actor"
18707,4686,3017,"actor"
18708,4686,4761,"actor"
18709,4686,4761,"director"
18710,4686,4850,"actor"
18711,4687,4352,"actor"
18712,4687,5427,"actor"
18713,4687,6808,"director"
18714,4687,7738,"actor"
18715,4688,1860,"director"
18716,4688,4993,"actor"
18717,4688,5626,"actor"
18718,4688,7157,"actor"
18719,4689,4645,"actor"
18720,4689,5018,"actor"
18721,4689,5703,"actor"
18722,4689,8287,"director"
18723,4690,915,"actor"
18724,4690,1904,"director"
18725,4690,3622,"actor"
18726,4690,6764,"actor"
18727,4691,378,"actor"
18728,4691,841,"director"
18729,4691,1769,"actor"
18730,4691,7397,"actor"
18731,4692,1218,"actor"
18732,4692,2240,"actor"
18733,4692,4666,"director"
18734,4692,5710,"actor"
18735,4693,1063,"actor"
18736,4693,1529,"director"
18737,4693,4208,"actor"
18738,4693,6061,"actor"
18739,4694,629,"actor"
18740,4694,3495,"actor"
18741,4694,6522,"actor"
18742,4694,8164,"director"
18743,4695,53,"actor"
18744,4695,288,"actor"
18745,4695,1542,"actor"
18746,4695,5520,"director"
18747,4696,980,"director"
18748,4696,6176,"actor"
18749,4696,7655,"actor"
18750,4696,7886,"actor"
18751,4697,177,"director"
18752,4697,1157,"actor"
18753,4697,5597,"actor"
18754,4697,7915,"actor"
18755,4698,189,"actor"
18756,4698,3711,"director"
18757,4698,6047,"actor"
18758,4698,7812,"actor"
18759,4699,1258,"actor"
18760,4699,2771,"director"
18761,4699,7886,"actor"
18762,4699,8387,"actor"
18763,4700,1810,"actor"
18764,4700,3049,"director"
18765,4700,3214,"actor"
18766,4700,3856,"actor"
18767,4701,1218,"actor"
18768,4701,2912,"director"
18769,4701,4527,"actor"
18770,4701,5311,"actor"
18771,4702,847,"director"
18772,4702,2245,"actor"
18773,4702,3501,"actor"
18774,4702,4137,"actor"
18775,4703,2055,"actor"
18776,4703,5780,"actor"
18777,4703,5961,"director"
18778,4703,8046,"actor"
18779,4704,440,"actor"
18780,4704,3282,"actor"
18781,4704,3282,"director"
18782,4704,5525,"actor"
18783,4705,582,"actor"
18784,4705,907,"actor"
18785,4705,5515,"actor"
18786,4705,6768,"director"
18787,4706,4043,"actor"
18788,4706,4648,"director"
18789,4706,7494,"actor"
18790,4706,7497,"actor"
18791,4707,1426,"director"
18792,4707,3651,"actor"
18793,4707,7191,"actor"
18794,4707,7870,"actor"
18795,4708,1879,"director"
18796,4708,4022,"actor"
18797,4708,6044,"actor"
18798,4708,8036,"actor"
18799,4709,2221,"actor"
18800,4709,5523,"actor"
18801,4709,5664,"actor"
18802,4709,7420,"director"
18803,4710,1462,"actor"
18804,4710,3915,"director"
18805,4710,7017,"actor"
18806,4710,7478,"actor"
18807,4711,1858,"director"
18808,4711,2098,"actor"
18809,4711,7144,"actor"
18810,4711,8386,"actor"
18811,4712,1106,"actor"
18812,4712,3112,"actor"
18813,4712,3842,"director"
18814,4712,5995,"actor"
18815,4713,1106,"actor"
18816,4713,3112,"actor"
18817,4713,3842,"director"
18818,4713,5995,"actor"
18819,4714,1106,"actor"
18820,4714,3112,"actor"
18821,4714,3842,"director"
18822,4714,5995,"actor"
18823,4715,1106,"actor"
18824,4715,3294,"director"
18825,4715,5411,"actor"
18826,4715,5823,"actor"
18827,4716,422,"director"
18828,4716,1628,"actor"
18829,4716,1731,"actor"
18830,4716,2257,"actor"
18831,4717,477,"actor"
18832,4717,826,"actor"
18833,4717,2302,"director"
18834,4717,2961,"actor"
18835,4718,52,"actor"
18836,4718,1322,"director"
18837,4718,4152,"actor"
18838,4718,6295,"actor"
18839,4719,1997,"actor"
18840,4719,2247,"actor"
18841,4719,2429,"director"
18842,4719,6536,"actor"
18843,4720,1997,"actor"
18844,4720,2247,"actor"
18845,4720,2429,"director"
18846,4720,6536,"actor"
18847,4721,109,"actor"
18848,4721,922,"actor"
18849,4721,1782,"actor"
18850,4721,2448,"director"
18851,4722,1961,"director"
18852,4722,2715,"actor"
18853,4722,4099,"actor"
18854,4722,7380,"actor"
18855,4723,5,"actor"
18856,4723,959,"director"
18857,4723,5644,"actor"
18858,4723,7498,"actor"
18859,4724,921,"actor"
18860,4724,2168,"actor"
18861,4724,4363,"actor"
18862,4724,6294,"director"
18863,4725,1731,"actor"
18864,4725,3679,"actor"
18865,4725,6856,"actor"
18866,4725,8049,"director"
18867,4726,8,"actor"
18868,4726,174,"director"
18869,4726,2367,"actor"
18870,4726,4228,"actor"
18871,4727,36,"director"
18872,4727,1815,"actor"
18873,4727,3505,"actor"
18874,4727,3753,"actor"
18875,4728,2063,"actor"
18876,4728,8048,"actor"
18877,4728,8048,"director"
18878,4729,1159,"actor"
18879,4729,3265,"actor"
18880,4729,3780,"actor"
18881,4729,4775,"director"
18882,4730,1212,"director"
18883,4730,1381,"actor"
18884,4730,5833,"actor"
18885,4730,7875,"actor"
18886,4731,1046,"actor"
18887,4731,1541,"actor"
18888,4731,3493,"director"
18889,4731,4832,"actor"
18890,4732,1515,"actor"
18891,4732,1917,"actor"
18892,4732,5257,"actor"
18893,4732,5692,"director"
18894,4733,550,"actor"
18895,4733,909,"director"
18896,4733,2197,"actor"
18897,4733,3166,"actor"
18898,4734,768,"actor"
18899,4734,2079,"actor"
18900,4734,5863,"actor"
18901,4734,6870,"director"
18902,4735,819,"director"
18903,4735,3812,"actor"
18904,4735,4219,"actor"
18905,4735,5553,"actor"
18906,4736,2035,"actor"
18907,4736,6996,"actor"
18908,4736,7085,"actor"
18909,4736,7661,"director"
18910,4737,3318,"actor"
18911,4737,3664,"director"
18912,4737,5445,"actor"
18913,4737,5482,"actor"
18914,4738,1128,"actor"
18915,4738,1677,"director"
18916,4738,1915,"actor"
18917,4738,7981,"actor"
18918,4739,51,"actor"
18919,4739,51,"director"
18920,4739,757,"actor"
18921,4739,5237,"actor"
18922,4740,747,"actor"
18923,4740,1705,"actor"
18924,4740,2011,"director"
18925,4740,2245,"actor"
18926,4741,1450,"director"
18927,4741,3278,"actor"
18928,4741,3377,"actor"
18929,4741,4659,"actor"
18930,4742,709,"actor"
18931,4742,3963,"director"
18932,4742,4607,"actor"
18933,4742,5528,"actor"
18934,4743,1,"actor"
18935,4743,528,"director"
18936,4743,3286,"actor"
18937,4743,6065,"actor"
18938,4744,1400,"actor"
18939,4744,6915,"actor"
18940,4744,7049,"director"
18941,4744,7440,"actor"
18942,4745,814,"actor"
18943,4745,969,"actor"
18944,4745,3395,"actor"
18945,4745,7894,"director"
18946,4746,1636,"actor"
18947,4746,3216,"director"
18948,4746,3888,"actor"
18949,4746,6077,"actor"
18950,4747,1741,"director"
18951,4747,4352,"actor"
18952,4747,5528,"actor"
18953,4747,5610,"actor"
18954,4748,1087,"actor"
18955,4748,3645,"actor"
18956,4748,5316,"actor"
18957,4748,6871,"director"
18958,4749,170,"actor"
18959,4749,2498,"director"
18960,4749,5866,"actor"
18961,4749,6444,"actor"
18962,4750,4567,"director"
18963,4750,5903,"actor"
18964,4750,6557,"actor"
18965,4750,7194,"actor"
18966,4751,733,"director"
18967,4751,1198,"actor"
18968,4751,1497,"actor"
18969,4751,1894,"actor"
18970,4752,2790,"director"
18971,4752,5667,"actor"
18972,4752,7778,"actor"
18973,4752,7907,"actor"
18974,4753,3366,"director"
18975,4753,5712,"actor"
18976,4753,6769,"actor"
18977,4753,6864,"actor"
18978,4754,4832,"actor"
18979,4754,5777,"actor"
18980,4754,7234,"actor"
18981,4754,7234,"director"
18982,4755,121,"director"
18983,4755,1503,"actor"
18984,4755,5240,"actor"
18985,4755,7429,"actor"
18986,4756,153,"director"
18987,4756,2340,"actor"
18988,4756,3218,"actor"
18989,4756,5345,"actor"
18990,4757,3266,"actor"
18991,4757,3312,"actor"
18992,4757,5116,"actor"
18993,4757,6134,"director"
18994,4758,2320,"actor"
18995,4758,2993,"actor"
18996,4758,4757,"director"
18997,4758,5646,"actor"
18998,4759,1284,"actor"
18999,4759,3101,"director"
19000,4759,6434,"actor"
19001,4759,7135,"actor"
19002,4760,47,"director"
19003,4760,1256,"actor"
19004,4760,1371,"actor"
19005,4760,6988,"actor"
19006,4761,42,"actor"
19007,4761,3072,"actor"
19008,4761,6725,"director"
19009,4761,6989,"actor"
19010,4762,694,"actor"
19011,4762,2039,"director"
19012,4762,4544,"actor"
19013,4762,7860,"actor"
19014,4763,223,"actor"
19015,4763,618,"actor"
19016,4763,1851,"actor"
19017,4763,5159,"director"
19018,4764,556,"director"
19019,4764,695,"actor"
19020,4764,6881,"actor"
19021,4764,7375,"actor"
19022,4765,1169,"actor"
19023,4765,6360,"actor"
19024,4765,6558,"actor"
19025,4765,7979,"director"
19026,4766,288,"actor"
19027,4766,1075,"actor"
19028,4766,3847,"director"
19029,4766,8200,"actor"
19030,4767,288,"actor"
19031,4767,1075,"actor"
19032,4767,3847,"director"
19033,4767,8200,"actor"
19034,4768,4,"actor"
19035,4768,3238,"actor"
19036,4768,6345,"actor"
19037,4768,6345,"director"
19038,4769,3444,"actor"
19039,4769,5214,"actor"
19040,4769,6403,"director"
19041,4769,6536,"actor"
19042,4770,1598,"actor"
19043,4770,3618,"actor"
19044,4770,6437,"director"
19045,4770,8385,"actor"
19046,4771,974,"actor"
19047,4771,974,"director"
19048,4771,3410,"actor"
19049,4771,3496,"actor"
19050,4772,2579,"director"
19051,4772,3622,"actor"
19052,4772,4157,"actor"
19053,4772,6382,"actor"
19054,4773,493,"actor"
19055,4773,5811,"director"
19056,4773,6579,"actor"
19057,4773,6764,"actor"
19058,4774,934,"director"
19059,4774,4134,"actor"
19060,4774,4936,"actor"
19061,4774,8122,"actor"
19062,4775,1857,"director"
19063,4775,2131,"actor"
19064,4775,5192,"actor"
19065,4775,6047,"actor"
19066,4776,3338,"actor"
19067,4776,3558,"actor"
19068,4776,5037,"actor"
19069,4776,5206,"director"
19070,4777,2785,"director"
19071,4777,3018,"actor"
19072,4777,5444,"actor"
19073,4777,7771,"actor"
19074,4778,2312,"actor"
19075,4778,3905,"director"
19076,4778,5288,"actor"
19077,4778,7997,"actor"
19078,4779,252,"actor"
19079,4779,825,"actor"
19080,4779,6872,"director"
19081,4779,7648,"actor"
19082,4780,252,"actor"
19083,4780,825,"actor"
19084,4780,6872,"director"
19085,4780,7648,"actor"
19086,4781,1372,"actor"
19087,4781,2307,"actor"
19088,4781,2944,"director"
19089,4781,3046,"actor"
19090,4782,1886,"actor"
19091,4782,5665,"actor"
19092,4782,6216,"actor"
19093,4782,8259,"director"
19094,4783,723,"actor"
19095,4783,2131,"actor"
19096,4783,5317,"actor"
19097,4783,6697,"director"
19098,4784,795,"actor"
19099,4784,2573,"actor"
19100,4784,7511,"director"
19101,4784,8076,"actor"
19102,4785,176,"director"
19103,4785,4792,"actor"
19104,4785,4995,"actor"
19105,4785,7886,"actor"
19106,4786,4518,"actor"
19107,4786,4614,"actor"
19108,4786,7358,"actor"
19109,4786,8364,"director"
19110,4787,4554,"actor"
19111,4787,4838,"actor"
19112,4787,6916,"actor"
19113,4787,8207,"director"
19114,4788,1203,"actor"
19115,4788,3965,"director"
19116,4788,6902,"actor"
19117,4788,7823,"actor"
19118,4789,197,"actor"
19119,4789,480,"director"
19120,4789,4988,"actor"
19121,4789,6564,"actor"
19122,4790,820,"actor"
19123,4790,2231,"actor"
19124,4790,6231,"director"
19125,4790,7785,"actor"
19126,4791,520,"director"
19127,4791,3377,"actor"
19128,4791,5138,"actor"
19129,4791,7274,"actor"
19130,4792,1100,"director"
19131,4792,2222,"actor"
19132,4792,5992,"actor"
19133,4792,6469,"actor"
19134,4793,271,"actor"
19135,4793,2090,"actor"
19136,4793,2166,"actor"
19137,4793,5205,"director"
19138,4794,5027,"director"
19139,4794,6015,"actor"
19140,4794,6043,"actor"
19141,4794,6125,"actor"
19142,4795,3277,"actor"
19143,4795,4135,"actor"
19144,4795,6822,"director"
19145,4795,7387,"actor"
19146,4796,1809,"actor"
19147,4796,7152,"director"
19148,4796,7989,"actor"
19149,4796,8299,"actor"
19150,4797,3498,"director"
19151,4797,6158,"actor"
19152,4797,7009,"actor"
19153,4797,8265,"actor"
19154,4798,4228,"actor"
19155,4798,4341,"actor"
19156,4798,6487,"actor"
19157,4798,6767,"director"
19158,4799,355,"actor"
19159,4799,356,"actor"
19160,4799,3193,"actor"
19161,4799,5940,"director"
19162,4800,266,"actor"
19163,4800,2676,"actor"
19164,4800,3865,"director"
19165,4800,4546,"actor"
19166,4801,1229,"director"
19167,4801,3422,"actor"
19168,4801,3663,"actor"
19169,4801,6277,"actor"
19170,4802,251,"actor"
19171,4802,4953,"actor"
19172,4802,7359,"director"
19173,4802,7805,"actor"
19174,4803,901,"director"
19175,4803,1315,"actor"
19176,4803,4208,"actor"
19177,4803,7763,"actor"
19178,4804,379,"director"
19179,4804,703,"actor"
19180,4804,1867,"actor"
19181,4804,7128,"actor"
19182,4805,345,"actor"
19183,4805,4162,"actor"
19184,4805,4196,"director"
19185,4805,6500,"actor"
19186,4806,4255,"actor"
19187,4806,4462,"director"
19188,4806,5448,"actor"
19189,4806,7915,"actor"
19190,4807,278,"actor"
19191,4807,2909,"actor"
19192,4807,2964,"director"
19193,4807,6432,"actor"
19194,4808,923,"actor"
19195,4808,2975,"actor"
19196,4808,7614,"actor"
19197,4808,8121,"director"
19198,4809,765,"actor"
19199,4809,1334,"actor"
19200,4809,3921,"director"
19201,4809,6007,"actor"
19202,4810,1710,"actor"
19203,4810,1714,"actor"
19204,4810,6217,"director"
19205,4810,7402,"actor"
19206,4811,1710,"actor"
19207,4811,1714,"actor"
19208,4811,6217,"director"
19209,4811,7402,"actor"
19210,4812,1710,"actor"
19211,4812,1714,"actor"
19212,4812,6217,"director"
19213,4812,7402,"actor"
19214,4813,479,"director"
19215,4813,4274,"actor"
19216,4813,4816,"actor"
19217,4813,8148,"actor"
19218,4814,2354,"actor"
19219,4814,4099,"actor"
19220,4814,5395,"director"
19221,4814,8061,"actor"
19222,4815,2900,"actor"
19223,4815,3373,"director"
19224,4815,5193,"actor"
19225,4815,8151,"actor"
19226,4816,3445,"actor"
19227,4816,3482,"actor"
19228,4816,5485,"actor"
19229,4816,7362,"director"
19230,4817,2850,"actor"
19231,4817,4583,"actor"
19232,4817,6951,"actor"
19233,4817,6969,"director"
19234,4818,5314,"actor"
19235,4818,5824,"director"
19236,4818,7060,"actor"
19237,4818,7924,"actor"
19238,4819,2309,"actor"
19239,4819,2569,"actor"
19240,4819,6996,"actor"
19241,4819,7356,"director"
19242,4820,227,"actor"
19243,4820,2286,"actor"
19244,4820,5775,"director"
19245,4820,6536,"actor"
19246,4821,915,"actor"
19247,4821,1681,"director"
19248,4821,3924,"actor"
19249,4821,7564,"actor"
19250,4822,1835,"actor"
19251,4822,3306,"actor"
19252,4822,5487,"director"
19253,4822,7840,"actor"
19254,4823,936,"actor"
19255,4823,4574,"actor"
19256,4823,5000,"actor"
19257,4823,5744,"director"
19258,4824,5967,"actor"
19259,4824,6429,"actor"
19260,4824,6478,"director"
19261,4824,7070,"actor"
19262,4825,149,"actor"
19263,4825,493,"actor"
19264,4825,3309,"director"
19265,4825,4022,"actor"
19266,4826,5818,"actor"
19267,4826,6808,"director"
19268,4826,7738,"actor"
19269,4826,8387,"actor"
19270,4827,662,"actor"
19271,4827,1780,"director"
19272,4827,6227,"actor"
19273,4827,7711,"actor"
19274,4828,1750,"director"
19275,4828,2369,"actor"
19276,4828,5223,"actor"
19277,4828,5842,"actor"
19278,4829,3276,"actor"
19279,4829,3501,"actor"
19280,4829,4051,"director"
19281,4829,5710,"actor"
19282,4830,3276,"actor"
19283,4830,3501,"actor"
19284,4830,4051,"director"
19285,4830,5710,"actor"
19286,4831,136,"actor"
19287,4831,3046,"actor"
19288,4831,4716,"actor"
19289,4831,8362,"director"
19290,4832,628,"actor"
19291,4832,5754,"actor"
19292,4832,5777,"actor"
19293,4832,7822,"director"
19294,4833,628,"actor"
19295,4833,5754,"actor"
19296,4833,5777,"actor"
19297,4833,7822,"director"
19298,4834,628,"actor"
19299,4834,5754,"actor"
19300,4834,5777,"actor"
19301,4834,7822,"director"
19302,4835,2193,"actor"
19303,4835,2672,"actor"
19304,4835,7077,"actor"
19305,4835,7984,"director"
19306,4836,523,"director"
19307,4836,1328,"actor"
19308,4836,6765,"actor"
19309,4836,7142,"actor"
19310,4837,2197,"actor"
19311,4837,5420,"actor"
19312,4837,6527,"director"
19313,4837,7755,"actor"
19314,4838,1597,"actor"
19315,4838,3041,"actor"
19316,4838,5621,"director"
19317,4838,7175,"actor"
19318,4839,2377,"director"
19319,4839,2428,"actor"
19320,4839,3033,"actor"
19321,4839,4531,"actor"
19322,4840,565,"director"
19323,4840,2156,"actor"
19324,4840,2706,"actor"
19325,4840,4109,"actor"
19326,4841,2222,"actor"
19327,4841,6996,"actor"
19328,4841,7423,"actor"
19329,4841,7803,"director"
19330,4842,1673,"director"
19331,4842,3467,"actor"
19332,4842,6764,"actor"
19333,4842,8392,"actor"
19334,4843,2052,"director"
19335,4843,3112,"actor"
19336,4843,7660,"actor"
19337,4843,7801,"actor"
19338,4844,2052,"director"
19339,4844,3112,"actor"
19340,4844,7660,"actor"
19341,4844,7801,"actor"
19342,4845,2634,"actor"
19343,4845,5613,"director"
19344,4845,5680,"actor"
19345,4845,6973,"actor"
19346,4846,3615,"actor"
19347,4846,6505,"actor"
19348,4846,8128,"actor"
19349,4846,8189,"director"
19350,4847,1081,"actor"
19351,4847,2443,"actor"
19352,4847,4314,"actor"
19353,4847,6726,"director"
19354,4848,3999,"actor"
19355,4848,5470,"actor"
19356,4848,5969,"actor"
19357,4848,7456,"director"
19358,4849,2137,"actor"
19359,4849,2708,"director"
19360,4849,3695,"actor"
19361,4849,5365,"actor"
19362,4850,2216,"actor"
19363,4850,4349,"actor"
19364,4850,6195,"director"
19365,4850,8357,"actor"
19366,4851,2216,"actor"
19367,4851,4349,"actor"
19368,4851,6195,"director"
19369,4851,8357,"actor"
19370,4852,726,"actor"
19371,4852,2987,"director"
19372,4852,5135,"actor"
19373,4852,6828,"actor"
19374,4853,206,"director"
19375,4853,1059,"actor"
19376,4853,2329,"actor"
19377,4853,2798,"actor"
19378,4854,610,"actor"
19379,4854,3068,"director"
19380,4854,5187,"actor"
19381,4854,7317,"actor"
19382,4855,610,"actor"
19383,4855,3068,"director"
19384,4855,5187,"actor"
19385,4855,7317,"actor"
19386,4856,169,"actor"
19387,4856,1218,"actor"
19388,4856,2460,"director"
19389,4856,7142,"actor"
19390,4857,2247,"actor"
19391,4857,4080,"director"
19392,4857,4264,"actor"
19393,4857,6764,"actor"
19394,4858,268,"actor"
19395,4858,1378,"director"
19396,4858,1659,"actor"
19397,4858,5897,"actor"
19398,4859,306,"actor"
19399,4859,1446,"director"
19400,4859,6547,"actor"
19401,4859,7057,"actor"
19402,4860,4197,"actor"
19403,4860,6871,"director"
19404,4860,7214,"actor"
19405,4860,8152,"actor"
19406,4861,3382,"director"
19407,4861,4914,"actor"
19408,4861,7111,"actor"
19409,4861,7973,"actor"
19410,4862,2521,"actor"
19411,4862,2587,"actor"
19412,4862,5149,"actor"
19413,4862,7759,"director"
19414,4863,898,"actor"
19415,4863,2723,"director"
19416,4863,5830,"actor"
19417,4863,5979,"actor"
19418,4864,608,"actor"
19419,4864,5317,"actor"
19420,4864,6202,"director"
19421,4864,6719,"actor"
19422,4865,4407,"actor"
19423,4865,5887,"actor"
19424,4865,6279,"director"
19425,4865,8224,"actor"
19426,4866,4006,"director"
19427,4866,5377,"actor"
19428,4866,7048,"actor"
19429,4866,7612,"actor"
19430,4867,4272,"actor"
19431,4867,4283,"director"
19432,4867,5832,"actor"
19433,4867,7825,"actor"
19434,4868,185,"director"
19435,4868,445,"actor"
19436,4868,3218,"actor"
19437,4868,8192,"actor"
19438,4869,323,"actor"
19439,4869,812,"actor"
19440,4869,1849,"director"
19441,4869,2657,"actor"
19442,4870,635,"director"
19443,4870,2798,"actor"
19444,4870,4226,"actor"
19445,4870,6468,"actor"
19446,4871,944,"actor"
19447,4871,2340,"actor"
19448,4871,7037,"actor"
19449,4871,7735,"director"
19450,4872,3574,"director"
19451,4872,4599,"actor"
19452,4872,6228,"actor"
19453,4872,7055,"actor"
19454,4873,1006,"actor"
19455,4873,3613,"actor"
19456,4873,5255,"actor"
19457,4873,6134,"director"
19458,4874,125,"actor"
19459,4874,514,"actor"
19460,4874,2850,"actor"
19461,4874,7320,"director"
19462,4875,1315,"actor"
19463,4875,3240,"actor"
19464,4875,3799,"director"
19465,4875,4219,"actor"
19466,4876,1029,"director"
19467,4876,4977,"actor"
19468,4876,5409,"actor"
19469,4876,5826,"actor"
19470,4877,3858,"actor"
19471,4877,4593,"director"
19472,4877,4949,"actor"
19473,4877,5889,"actor"
19474,4878,1308,"actor"
19475,4878,3153,"actor"
19476,4878,4559,"actor"
19477,4878,5912,"director"
19478,4879,2349,"actor"
19479,4879,3052,"director"
19480,4879,5096,"actor"
19481,4879,7072,"actor"
19482,4880,1714,"actor"
19483,4880,4052,"director"
19484,4880,5777,"actor"
19485,4880,7082,"actor"
19486,4881,1959,"actor"
19487,4881,3935,"director"
19488,4881,4259,"actor"
19489,4881,4832,"actor"
19490,4882,2927,"actor"
19491,4882,6250,"actor"
19492,4882,6469,"actor"
19493,4882,7585,"director"
19494,4883,1063,"actor"
19495,4883,1887,"director"
19496,4883,3190,"actor"
19497,4883,6065,"actor"
19498,4884,694,"actor"
19499,4884,1070,"director"
19500,4884,5345,"actor"
19501,4884,7054,"actor"
19502,4885,1880,"actor"
19503,4885,7462,"director"
19504,4885,7941,"actor"
19505,4885,8256,"actor"
19506,4886,473,"actor"
19507,4886,3322,"actor"
19508,4886,8363,"actor"
19509,4886,8363,"director"
19510,4887,1046,"actor"
19511,4887,5803,"actor"
19512,4887,6044,"actor"
19513,4887,7809,"director"
19514,4888,3410,"actor"
19515,4888,4534,"director"
19516,4888,5134,"actor"
19517,4888,6301,"actor"
19518,4889,1148,"actor"
19519,4889,3853,"actor"
19520,4889,3853,"director"
19521,4889,8313,"actor"
19522,4890,361,"actor"
19523,4890,2905,"director"
19524,4890,3338,"actor"
19525,4890,7031,"actor"
19526,4891,4275,"director"
19527,4891,5014,"actor"
19528,4891,5450,"actor"
19529,4891,7381,"actor"
19530,4892,1820,"director"
19531,4892,3153,"actor"
19532,4892,6825,"actor"
19533,4892,8230,"actor"
19534,4893,904,"actor"
19535,4893,1803,"director"
19536,4893,5989,"actor"
19537,4893,7443,"actor"
19538,4894,1308,"actor"
19539,4894,3207,"director"
19540,4894,5058,"actor"
19541,4894,5929,"actor"
19542,4895,1487,"director"
19543,4895,4152,"actor"
19544,4895,4407,"actor"
19545,4895,6295,"actor"
19546,4896,5214,"actor"
19547,4896,6261,"actor"
19548,4896,6473,"actor"
19549,4896,7540,"director"
19550,4897,617,"actor"
19551,4897,3484,"actor"
19552,4897,5844,"actor"
19553,4897,5844,"director"
19554,4898,704,"actor"
19555,4898,704,"director"
19556,4898,6295,"actor"
19557,4898,8020,"actor"
19558,4899,4716,"actor"
19559,4899,6958,"actor"
19560,4899,7437,"actor"
19561,4899,8242,"director"
19562,4900,2571,"actor"
19563,4900,3388,"director"
19564,4900,3496,"actor"
19565,4900,6825,"actor"
19566,4901,207,"director"
19567,4901,1393,"actor"
19568,4901,1607,"actor"
19569,4901,4742,"actor"
19570,4902,27,"actor"
19571,4902,1589,"director"
19572,4902,2884,"actor"
19573,4902,5598,"actor"
19574,4903,2382,"actor"
19575,4903,2730,"actor"
19576,4903,3488,"director"
19577,4903,7442,"actor"
19578,4904,1200,"director"
19579,4904,1258,"actor"
19580,4904,1334,"actor"
19581,4904,7037,"actor"
19582,4905,344,"actor"
19583,4905,903,"director"
19584,4905,4134,"actor"
19585,4905,6056,"actor"
19586,4906,797,"actor"
19587,4906,2687,"actor"
19588,4906,4038,"director"
19589,4906,7142,"actor"
19590,4907,797,"actor"
19591,4907,2687,"actor"
19592,4907,4038,"director"
19593,4907,7142,"actor"
19594,4908,223,"actor"
19595,4908,1165,"actor"
19596,4908,1400,"actor"
19597,4908,1950,"director"
19598,4909,223,"actor"
19599,4909,1165,"actor"
19600,4909,1400,"actor"
19601,4909,1950,"director"
19602,4910,3409,"actor"
19603,4910,3562,"actor"
19604,4910,4999,"director"
19605,4910,5701,"actor"
19606,4911,2053,"actor"
19607,4911,4676,"actor"
19608,4911,5794,"actor"
19609,4911,8188,"director"
19610,4912,694,"actor"
19611,4912,1226,"actor"
19612,4912,4405,"actor"
19613,4912,5943,"director"
19614,4913,803,"director"
19615,4913,932,"actor"
19616,4913,2129,"actor"
19617,4913,4722,"actor"
19618,4914,2601,"actor"
19619,4914,3327,"director"
19620,4914,4137,"actor"
19621,4914,5795,"actor"
19622,4915,162,"actor"
19623,4915,2417,"actor"
19624,4915,7497,"actor"
19625,4915,8310,"director"
19626,4916,957,"actor"
19627,4916,3493,"director"
19628,4916,6078,"actor"
19629,4916,7212,"actor"
19630,4917,4585,"actor"
19631,4917,4848,"actor"
19632,4917,6368,"director"
19633,4917,7261,"actor"
19634,4918,3084,"director"
19635,4918,4253,"actor"
19636,4918,4260,"actor"
19637,4918,8293,"actor"
19638,4919,1507,"actor"
19639,4919,1624,"director"
19640,4919,2541,"actor"
19641,4919,8139,"actor"
19642,4920,1497,"actor"
19643,4920,3941,"director"
19644,4920,4352,"actor"
19645,4920,6007,"actor"
19646,4921,2876,"actor"
19647,4921,3987,"actor"
19648,4921,4270,"actor"
19649,4921,4570,"director"
19650,4922,1091,"actor"
19651,4922,2097,"actor"
19652,4922,2188,"director"
19653,4922,6978,"actor"
19654,4923,1062,"director"
19655,4923,3622,"actor"
19656,4923,5528,"actor"
19657,4923,8016,"actor"
19658,4924,12,"actor"
19659,4924,2239,"actor"
19660,4924,4826,"actor"
19661,4924,6419,"director"
19662,4925,2956,"actor"
19663,4925,4022,"actor"
19664,4925,4537,"director"
19665,4925,5842,"actor"
19666,4926,716,"director"
19667,4926,4280,"actor"
19668,4926,5712,"actor"
19669,4926,8222,"actor"
19670,4927,1408,"director"
19671,4927,5302,"actor"
19672,4928,1027,"actor"
19673,4928,1872,"actor"
19674,4928,3962,"actor"
19675,4929,664,"actor"
19676,4929,964,"actor"
19677,4929,6008,"actor"
19678,4930,1731,"actor"
19679,4930,2148,"actor"
19680,4930,2318,"actor"
19681,4931,1751,"actor"
19682,4931,5418,"actor"
19683,4931,8354,"actor"
19684,4932,2247,"actor"
19685,4932,4354,"actor"
19686,4932,5999,"actor"
19687,4933,1540,"actor"
19688,4933,1599,"actor"
19689,4933,5413,"actor"
19690,4934,3696,"actor"
19691,4934,5001,"actor"
19692,4934,6457,"actor"
19693,4935,1842,"actor"
19694,4935,4772,"actor"
19695,4935,5580,"actor"
19696,4935,5956,"director"
19697,4936,839,"actor"
19698,4936,6885,"actor"
19699,4936,6958,"actor"
19700,4937,4743,"actor"
19701,4937,5194,"actor"
19702,4937,7268,"actor"
19703,4938,493,"actor"
19704,4938,1985,"actor"
19705,4938,4060,"actor"
19706,4939,333,"actor"
19707,4939,3462,"actor"
19708,4939,7502,"actor"
19709,4940,3798,"actor"
19710,4940,4576,"actor"
19711,4940,4913,"actor"
19712,4941,132,"actor"
19713,4941,1153,"actor"
19714,4941,1606,"actor"
19715,4942,1055,"actor"
19716,4942,1841,"actor"
19717,4942,2405,"actor"
19718,4943,30,"actor"
19719,4943,955,"actor"
19720,4943,1647,"actor"
19721,4944,532,"actor"
19722,4944,2965,"actor"
19723,4944,4023,"actor"
19724,4945,1892,"actor"
19725,4945,2012,"actor"
19726,4945,4665,"actor"
19727,4946,15,"actor"
19728,4946,5442,"actor"
19729,4946,8301,"actor"
19730,4947,1517,"actor"
19731,4947,2035,"actor"
19732,4947,7107,"actor"
19733,4948,1666,"actor"
19734,4948,3159,"actor"
19735,4948,4291,"actor"
19736,4949,3368,"actor"
19737,4949,4616,"actor"
19738,4949,8008,"actor"
19739,4950,1333,"actor"
19740,4951,3221,"actor"
19741,4951,3440,"actor"
19742,4951,5145,"actor"
19743,4952,186,"actor"
19744,4952,482,"actor"
19745,4952,7888,"actor"
19746,4953,2494,"actor"
19747,4953,2758,"actor"
19748,4953,6351,"actor"
19749,4954,303,"actor"
19750,4954,7577,"actor"
19751,4954,7792,"actor"
19752,4955,576,"actor"
19753,4955,3256,"actor"
19754,4955,4184,"actor"
19755,4956,3713,"actor"
19756,4956,3845,"actor"
19757,4956,6703,"actor"
19758,4957,2571,"actor"
19759,4957,3370,"actor"
19760,4957,3458,"actor"
19761,4958,589,"actor"
19762,4958,2738,"actor"
19763,4958,3370,"actor"
19764,4959,4326,"actor"
19765,4959,5521,"actor"
19766,4960,373,"actor"
19767,4960,3821,"actor"
19768,4960,3885,"director"
19769,4960,5266,"actor"
19770,4961,829,"actor"
19771,4961,3164,"actor"
19772,4961,6021,"actor"
19773,4962,10,"actor"
19774,4962,1015,"actor"
19775,4962,2922,"actor"
19776,4963,1642,"actor"
19777,4963,2209,"actor"
19778,4963,6416,"actor"
19779,4964,745,"actor"
19780,4964,2729,"actor"
19781,4964,5939,"actor"
19782,4965,350,"actor"
19783,4965,7542,"actor"
19784,4965,7786,"actor"
19785,4966,3948,"actor"
19786,4966,4977,"actor"
19787,4966,6623,"actor"
19788,4967,3240,"actor"
19789,4967,4524,"actor"
19790,4967,7886,"actor"
19791,4968,6091,"actor"
